,County,529,535,542,549,556,563,570
0,01001,NaN,0,0,0,0,0,0
1,01003,NaN,68,92,113,136,157,177
2,01005,NaN,0,0,0,0,0,0
3,01007,NaN,7,1,0,0,0,0
4,01009,NaN,0,0,0,0,0,0
5,01011,NaN,0,0,0,0,0,0
6,01013,NaN,0,0,0,0,0,0
7,01015,NaN,11,15,17,21,27,34
8,01017,NaN,0,0,0,0,0,0
9,01019,NaN,0,0,0,0,0,0
10,01021,NaN,0,0,0,0,0,0
11,01023,NaN,0,0,0,0,0,0
12,01025,NaN,0,0,0,0,0,0
13,01027,NaN,0,0,0,0,0,0
14,01029,NaN,0,0,0,0,0,0
15,01031,NaN,0,0,0,2,5,5
16,01033,NaN,7,7,7,6,7,7
17,01035,NaN,0,0,0,0,0,0
18,01037,NaN,0,0,0,0,0,0
19,01039,NaN,5,7,7,7,8,8
20,01041,NaN,11,7,2,0,0,0
21,01043,NaN,21,21,19,17,14,14
22,01045,NaN,0,0,0,0,0,0
23,01047,NaN,0,0,0,0,0,0
24,01049,NaN,6,7,7,7,7,7
25,01051,NaN,3,6,7,7,9,13
26,01053,NaN,0,0,0,0,0,0
27,01055,NaN,27,35,42,49,60,71
28,01057,NaN,0,0,0,0,0,0
29,01059,NaN,0,0,0,0,0,0
30,01061,NaN,0,0,0,0,0,0
31,01063,NaN,0,0,0,0,0,0
32,01065,NaN,0,0,0,0,0,0
33,01067,NaN,0,0,0,0,0,0
34,01069,NaN,24,29,34,40,45,50
35,01071,NaN,41,49,58,69,81,93
36,01073,NaN,148,206,273,356,442,564
37,01075,NaN,0,0,0,0,0,0
38,01077,NaN,13,10,8,9,8,10
39,01079,NaN,1,0,0,0,2,2
40,01081,NaN,19,14,10,7,7,6
41,01083,NaN,5,3,4,2,3,3
42,01085,NaN,0,0,0,0,0,0
43,01087,NaN,0,0,0,0,0,0
44,01089,NaN,103,132,170,213,265,308
45,01091,NaN,,,,,,NaN
46,01093,NaN,7,6,7,4,3,4
47,01095,NaN,0,0,0,0,0,0
48,01097,NaN,159,230,311,412,538,665
49,01099,NaN,,,,,,NaN
50,01101,NaN,7,7,7,7,7,6
51,01103,NaN,8,6,0,0,0,0
52,01105,NaN,0,0,0,0,0,0
53,01107,NaN,0,0,0,0,0,0
54,01109,NaN,0,0,0,0,0,0
55,01111,NaN,0,0,0,0,0,0
56,01113,NaN,0,0,0,0,0,0
57,01115,NaN,14,13,14,14,14,14
58,01117,NaN,75,101,131,164,208,247
59,01119,NaN,0,0,0,0,0,0
60,01121,NaN,0,0,0,0,0,0
61,01123,NaN,0,0,0,0,0,0
62,01125,NaN,18,16,14,14,14,14
63,01127,NaN,0,1,3,2,2,2
64,01129,NaN,0,0,0,0,0,0
65,01131,NaN,0,0,0,0,0,0
66,01133,NaN,0,0,0,0,0,0
67,02013,NaN,0,0,0,0,0,0
68,02016,NaN,0,0,0,0,0,0
69,02020,NaN,159,277,444,683,945,1263
70,02050,NaN,,,,,,NaN
71,02060,NaN,0,0,0,0,0,0
72,02068,NaN,0,0,0,0,0,0
73,02070,NaN,0,0,0,0,0,0
74,02090,NaN,0,0,0,0,0,0
75,02100,NaN,0,0,0,0,0,0
76,02105,NaN,0,0,0,0,0,0
77,02110,NaN,0,0,0,0,0,0
78,02122,NaN,0,0,0,0,0,0
79,02130,NaN,0,0,0,0,0,0
80,02150,NaN,0,0,0,0,0,0
81,02158,NaN,,,,,,NaN
82,02164,NaN,0,0,0,0,0,0
83,02170,NaN,0,0,0,0,0,0
84,02180,NaN,0,0,0,0,0,0
85,02185,NaN,0,0,0,0,0,0
86,02188,NaN,0,0,0,0,0,0
87,02195,NaN,0,0,0,0,0,0
88,02198,NaN,0,0,0,0,0,0
89,02220,NaN,3,0,0,0,0,0
90,02230,NaN,0,0,0,0,0,0
91,02240,NaN,0,0,0,0,0,0
92,02261,NaN,0,0,0,0,0,0
93,02275,NaN,0,0,0,0,0,0
94,02282,NaN,0,0,0,0,0,0
95,02290,NaN,0,0,0,0,0,0
96,04001,NaN,0,0,0,0,0,0
97,04003,NaN,0,0,0,0,0,0
98,04005,NaN,0,0,0,0,0,0
99,04007,NaN,0,0,0,0,0,0
100,04009,NaN,0,0,0,0,0,0
101,04011,NaN,0,0,0,0,0,0
102,04012,NaN,7,4,0,0,0,0
103,04013,NaN,2445,2847,3294,3615,3917,4081
104,04015,NaN,85,86,77,69,58,46
105,04017,NaN,0,0,0,0,0,0
106,04019,NaN,437,623,852,1152,1482,1816
107,04021,NaN,7,7,7,7,7,7
108,04023,NaN,0,0,0,0,0,0
109,04025,NaN,61,62,62,60,55,51
110,04027,NaN,0,0,0,0,0,0
111,05001,NaN,0,0,0,0,0,0
112,05003,NaN,0,0,0,0,0,0
113,05005,NaN,8,13,16,19,21,21
114,05007,NaN,196,271,365,470,589,720
115,05009,NaN,92,162,270,399,504,557
116,05011,NaN,0,0,0,0,0,0
117,05013,NaN,0,0,0,0,0,0
118,05015,NaN,,,,,,NaN
119,05017,NaN,0,0,0,0,0,0
120,05019,NaN,4,0,0,0,0,0
121,05021,NaN,7,1,0,0,0,0
122,05023,NaN,0,0,1,2,2,4
123,05025,NaN,0,0,0,0,0,0
124,05027,NaN,0,0,0,0,0,0
125,05029,NaN,0,0,0,0,0,0
126,05031,NaN,46,67,87,116,148,190
127,05033,NaN,22,30,37,46,57,69
128,05035,NaN,0,0,0,0,0,0
129,05037,NaN,6,7,3,0,0,0
130,05039,NaN,14,10,6,1,0,0
131,05041,NaN,0,0,0,0,0,0
132,05043,NaN,7,4,0,0,0,0
133,05045,NaN,143,225,316,422,531,620
134,05047,NaN,,,,,,NaN
135,05049,NaN,7,7,6,0,1,0
136,05051,NaN,107,164,237,320,431,516
137,05053,NaN,1,2,1,0,1,0
138,05055,NaN,23,30,38,45,55,64
139,05057,NaN,0,0,0,0,0,0
140,05059,NaN,0,0,0,0,0,0
141,05061,NaN,,,,,,NaN
142,05063,NaN,38,59,85,115,153,184
143,05065,NaN,9,7,7,6,4,0
144,05067,NaN,0,0,0,0,0,0
145,05069,NaN,108,147,188,222,251,260
146,05071,NaN,7,5,0,0,0,0
147,05073,NaN,0,0,0,0,0,0
148,05075,NaN,7,7,7,7,7,7
149,05077,NaN,0,0,0,0,0,0
150,05079,NaN,7,1,0,0,0,0
151,05081,NaN,0,0,0,0,0,0
152,05083,NaN,1,0,0,0,0,0
153,05085,NaN,68,74,78,83,85,89
154,05087,NaN,13,7,7,0,0,0
155,05089,NaN,37,37,30,29,26,21
156,05091,NaN,7,7,6,7,7,7
157,05093,NaN,0,0,0,0,0,0
158,05095,NaN,0,0,0,0,0,0
159,05097,NaN,0,0,0,0,0,0
160,05099,NaN,6,0,0,0,0,0
161,05101,NaN,15,14,7,5,0,0
162,05103,NaN,11,10,7,7,7,7
163,05105,NaN,15,11,7,6,1,0
164,05107,NaN,0,0,0,0,0,0
165,05109,NaN,,,,,,NaN
166,05111,NaN,0,0,0,0,0,0
167,05113,NaN,0,0,0,0,0,0
168,05115,NaN,0,0,0,0,0,0
169,05117,NaN,0,0,0,0,0,0
170,05119,NaN,711,1114,1641,2250,2858,3159
171,05121,NaN,0,0,0,0,0,0
172,05123,NaN,12,9,7,6,3,1
173,05125,NaN,213,298,390,485,565,629
174,05127,NaN,5,0,0,0,0,0
175,05129,NaN,0,0,0,0,0,0
176,05131,NaN,71,92,112,138,162,190
177,05133,NaN,0,0,0,0,0,0
178,05135,NaN,7,7,6,4,2,1
179,05137,NaN,22,14,10,7,5,1
180,05139,NaN,0,0,0,1,0,0
181,05141,NaN,7,7,7,7,7,6
182,05143,NaN,164,219,278,348,412,470
183,05145,NaN,108,146,189,241,291,331
184,05147,NaN,0,0,0,0,0,0
185,05149,NaN,,,,,,NaN
186,06001,NaN,550,670,813,935,1069,1161
187,06003,NaN,0,0,0,0,0,0
188,06005,NaN,0,0,0,0,0,0
189,06007,NaN,27,20,15,11,7,7
190,06009,NaN,0,0,0,0,0,0
191,06011,NaN,0,0,0,0,0,0
192,06013,NaN,422,567,735,904,1044,1191
193,06015,NaN,0,0,0,0,0,0
194,06017,NaN,1,0,0,0,0,0
195,06019,NaN,91,79,69,57,50,39
196,06021,NaN,0,0,0,0,0,0
197,06023,NaN,32,32,30,28,21,20
198,06025,NaN,7,6,0,0,0,0
199,06027,NaN,3,0,0,0,0,0
200,06029,NaN,68,52,35,25,16,9
201,06031,NaN,18,15,14,10,7,7
202,06033,NaN,1,7,3,4,3,6
203,06035,NaN,0,0,0,0,0,0
204,06037,NaN,2728,3887,4989,6068,7040,7995
205,06039,NaN,7,7,7,4,2,2
206,06041,NaN,0,0,0,0,0,0
207,06043,NaN,0,0,0,0,0,0
208,06045,NaN,22,20,16,14,10,7
209,06047,NaN,12,7,7,3,0,0
210,06049,NaN,0,0,0,0,0,0
211,06051,NaN,0,0,0,0,0,0
212,06053,NaN,7,7,7,7,7,6
213,06055,NaN,15,19,18,20,18,15
214,06057,NaN,25,29,29,33,33,35
215,06059,NaN,308,457,629,822,1053,1327
216,06061,NaN,146,122,104,88,71,55
217,06063,NaN,0,0,0,0,0,0
218,06065,NaN,87,64,46,34,22,14
219,06067,NaN,794,1466,2463,4041,6070,8544
220,06069,NaN,0,0,0,0,0,0
221,06071,NaN,372,528,696,866,1040,1221
222,06073,NaN,563,513,464,415,366,312
223,06075,NaN,78,79,78,74,71,65
224,06077,NaN,44,17,7,1,0,0
225,06079,NaN,0,0,0,0,0,0
226,06081,NaN,315,475,679,926,1215,1539
227,06083,NaN,21,15,14,14,9,8
228,06085,NaN,200,193,183,164,152,133
229,06087,NaN,0,0,0,0,0,0
230,06089,NaN,0,0,0,0,0,0
231,06091,NaN,0,0,0,0,0,0
232,06093,NaN,0,0,0,0,0,0
233,06095,NaN,196,264,340,413,483,569
234,06097,NaN,168,142,115,101,77,58
235,06099,NaN,185,171,152,131,113,93
236,06101,NaN,23,21,20,22,25,28
237,06103,NaN,0,0,0,0,0,0
238,06105,NaN,0,0,0,0,0,0
239,06107,NaN,0,0,0,0,0,0
240,06109,NaN,0,0,0,0,0,0
241,06111,NaN,103,170,252,366,514,697
242,06113,NaN,21,20,21,19,19,21
243,06115,NaN,0,0,0,0,5,7
244,08001,NaN,200,185,165,149,130,114
245,08003,NaN,0,0,0,0,0,0
246,08005,NaN,224,211,189,175,156,133
247,08007,NaN,0,0,0,0,0,0
248,08009,NaN,0,0,0,0,0,0
249,08011,NaN,0,0,0,0,0,0
250,08013,NaN,49,51,49,42,41,35
251,08014,NaN,17,14,12,12,8,7
252,08015,NaN,0,0,0,0,0,0
253,08017,NaN,0,0,0,0,0,0
254,08019,NaN,0,0,0,0,0,0
255,08021,NaN,0,0,0,0,0,0
256,08023,NaN,0,0,0,0,0,0
257,08025,NaN,0,0,0,0,0,0
258,08027,NaN,0,0,0,0,0,0
259,08029,NaN,0,0,0,0,0,0
260,08031,NaN,151,167,179,181,186,171
261,08033,NaN,0,0,0,0,0,0
262,08035,NaN,82,58,41,27,19,14
263,08037,NaN,0,0,0,0,0,0
264,08039,NaN,0,0,0,0,0,0
265,08041,NaN,336,265,204,149,110,80
266,08043,NaN,3,1,0,0,0,0
267,08045,NaN,8,7,4,0,0,0
268,08047,NaN,0,0,0,0,0,0
269,08049,NaN,0,0,0,0,0,0
270,08051,NaN,,,,,,NaN
271,08053,NaN,0,0,0,0,0,0
272,08055,NaN,,,,,,NaN
273,08057,NaN,0,0,0,0,0,0
274,08059,NaN,132,115,96,79,59,49
275,08061,NaN,0,0,0,0,0,0
276,08063,NaN,0,0,0,0,0,0
277,08065,NaN,0,0,0,0,0,0
278,08067,NaN,0,0,0,0,0,0
279,08069,NaN,123,113,97,84,76,64
280,08071,NaN,,,,,,NaN
281,08073,NaN,0,0,0,0,0,0
282,08075,NaN,0,0,0,0,0,0
283,08077,NaN,202,169,137,99,81,57
284,08079,NaN,0,0,0,0,0,0
285,08081,NaN,0,0,0,0,0,0
286,08083,NaN,0,0,0,0,0,0
287,08085,NaN,24,21,21,21,19,20
288,08087,NaN,0,0,0,0,0,0
289,08089,NaN,0,0,0,0,0,0
290,08091,NaN,,,,,,NaN
291,08093,NaN,0,0,0,0,0,0
292,08095,NaN,0,0,0,0,0,0
293,08097,NaN,,,,,,NaN
294,08099,NaN,0,0,0,0,0,0
295,08101,NaN,66,55,49,42,35,29
296,08103,NaN,8,4,0,0,0,0
297,08105,NaN,0,0,0,0,0,0
298,08107,NaN,0,0,0,0,0,0
299,08109,NaN,0,0,0,0,0,0
300,08111,NaN,0,0,0,0,0,0
301,08113,NaN,0,0,0,0,0,0
302,08115,NaN,0,0,0,0,0,0
303,08117,NaN,0,0,0,0,0,0
304,08119,NaN,4,0,0,0,0,0
305,08121,NaN,0,0,0,0,0,0
306,08123,NaN,101,78,60,42,35,24
307,08125,NaN,0,0,0,0,0,0
308,09001,NaN,60,53,43,36,29,25
309,09003,NaN,70,67,65,61,58,50
310,09005,NaN,0,0,0,0,0,0
311,09007,NaN,0,0,0,0,0,0
312,09009,NaN,71,63,60,52,44,36
313,09011,NaN,0,0,0,0,0,0
314,09013,NaN,0,0,0,0,0,0
315,09015,NaN,0,0,0,0,0,0
316,10001,NaN,1,0,0,0,0,0
317,10003,NaN,71,70,65,59,55,50
318,10005,NaN,23,16,14,8,7,5
319,11001,NaN,33,26,20,14,10,7
320,12001,NaN,50,59,59,62,65,63
321,12003,NaN,0,0,0,0,0,0
322,12005,NaN,56,67,81,95,104,107
323,12007,NaN,0,0,0,0,0,0
324,12009,NaN,382,460,539,610,661,691
325,12011,NaN,1154,1177,1155,1123,1024,929
326,12013,NaN,0,0,0,0,0,0
327,12015,NaN,46,47,45,40,36,34
328,12017,NaN,32,21,16,9,7,6
329,12019,NaN,135,141,148,153,153,153
330,12021,NaN,150,141,132,119,106,89
331,12023,NaN,14,14,10,8,7,7
332,12027,NaN,0,0,0,0,0,0
333,12029,NaN,0,0,0,0,0,0
334,12031,NaN,828,912,965,1011,989,971
335,12033,NaN,46,44,43,39,39,38
336,12035,NaN,45,54,63,73,78,83
337,12037,NaN,0,0,0,0,0,0
338,12039,NaN,6,0,0,0,0,0
339,12041,NaN,0,0,0,0,0,0
340,12043,NaN,0,0,0,0,0,0
341,12045,NaN,,,,,,NaN
342,12047,NaN,0,0,0,0,0,0
343,12049,NaN,8,6,1,0,0,0
344,12051,NaN,2,2,0,0,0,0
345,12053,NaN,66,49,35,27,20,14
346,12055,NaN,13,12,8,8,7,7
347,12057,NaN,800,772,716,645,570,498
348,12059,NaN,0,0,0,0,0,0
349,12061,NaN,45,54,56,56,54,56
350,12063,NaN,34,34,36,35,33,29
351,12065,NaN,0,0,0,0,0,0
352,12067,NaN,0,0,0,0,0,0
353,12069,NaN,217,276,355,446,522,623
354,12071,NaN,362,356,341,322,297,267
355,12073,NaN,82,68,55,47,40,31
356,12075,NaN,5,1,1,0,0,0
357,12077,NaN,0,0,0,0,0,0
358,12079,NaN,0,0,0,0,0,0
359,12081,NaN,114,101,88,72,59,46
360,12083,NaN,70,59,49,44,35,29
361,12085,NaN,56,57,54,55,49,50
362,12086,NaN,194,115,63,34,16,8
363,12087,NaN,0,1,2,0,0,0
364,12089,NaN,68,74,76,72,65,59
365,12091,NaN,112,140,167,196,221,241
366,12093,NaN,21,18,14,14,10,7
367,12095,NaN,635,522,419,336,263,201
368,12097,NaN,224,176,142,112,90,65
369,12099,NaN,663,783,869,934,973,965
370,12101,NaN,84,51,33,20,12,7
371,12103,NaN,352,338,331,302,276,245
372,12105,NaN,414,493,559,618,640,655
373,12107,NaN,0,0,0,0,0,0
374,12109,NaN,271,413,597,783,983,1124
375,12111,NaN,137,124,104,89,72,59
376,12113,NaN,43,36,29,20,12,8
377,12115,NaN,65,57,48,41,33,26
378,12117,NaN,279,257,243,217,196,169
379,12119,NaN,0,0,0,0,0,0
380,12121,NaN,2,2,1,2,1,0
381,12123,NaN,0,0,0,0,0,0
382,12125,NaN,0,0,0,0,0,0
383,12127,NaN,334,389,430,460,477,495
384,12129,NaN,0,0,0,0,0,0
385,12131,NaN,7,7,4,4,1,1
386,12133,NaN,0,0,0,0,0,0
387,13001,NaN,4,0,0,0,0,0
388,13003,NaN,5,0,0,0,0,0
389,13005,NaN,2,0,0,0,0,0
390,13007,NaN,0,0,0,0,0,0
391,13009,NaN,0,0,0,0,0,0
392,13011,NaN,0,0,0,0,0,0
393,13013,NaN,8,6,2,2,2,0
394,13015,NaN,22,21,21,22,21,22
395,13017,NaN,0,0,0,0,0,0
396,13019,NaN,18,14,12,8,7,5
397,13021,NaN,47,53,62,73,89,98
398,13023,NaN,10,7,7,7,7,6
399,13025,NaN,0,0,0,0,0,0
400,13027,NaN,0,0,0,0,0,0
401,13029,NaN,0,0,0,0,0,0
402,13031,NaN,0,0,0,0,0,0
403,13033,NaN,0,0,0,0,0,0
404,13035,NaN,0,0,0,0,0,0
405,13037,NaN,0,0,0,0,0,0
406,13039,NaN,24,29,33,37,43,48
407,13043,NaN,1,0,0,0,0,0
408,13045,NaN,7,7,7,7,7,7
409,13047,NaN,2,0,0,0,0,0
410,13049,NaN,0,0,0,0,0,0
411,13051,NaN,81,120,173,239,323,398
412,13053,NaN,,,,,,NaN
413,13055,NaN,0,0,0,0,0,0
414,13057,NaN,40,39,37,38,38,35
415,13059,NaN,7,5,5,4,7,6
416,13061,NaN,0,0,0,0,0,0
417,13063,NaN,60,51,42,37,33,24
418,13065,NaN,0,0,0,0,0,0
419,13067,NaN,209,264,330,397,462,538
420,13069,NaN,0,0,0,0,0,0
421,13071,NaN,0,0,0,0,0,0
422,13073,NaN,14,13,13,12,11,9
423,13075,NaN,14,14,15,14,14,14
424,13077,NaN,21,21,20,19,18,16
425,13079,NaN,0,0,0,0,0,0
426,13081,NaN,0,0,0,0,0,0
427,13083,NaN,0,0,0,0,0,0
428,13085,NaN,0,0,0,0,0,0
429,13087,NaN,0,0,0,0,0,0
430,13089,NaN,102,65,42,28,19,10
431,13091,NaN,0,0,0,0,0,0
432,13093,NaN,0,0,0,0,0,0
433,13095,NaN,2,4,4,6,6,7
434,13097,NaN,27,32,33,37,39,41
435,13099,NaN,0,0,0,0,0,0
436,13101,NaN,0,0,0,0,0,0
437,13103,NaN,0,0,0,1,1,1
438,13105,NaN,0,0,0,0,0,0
439,13107,NaN,0,0,0,0,0,0
440,13109,NaN,0,0,0,0,0,0
441,13111,NaN,0,0,0,0,0,0
442,13113,NaN,16,19,19,21,21,22
443,13115,NaN,0,2,7,6,7,7
444,13117,NaN,31,22,15,14,9,7
445,13119,NaN,0,0,0,0,0,0
446,13121,NaN,189,157,134,112,92,76
447,13123,NaN,7,2,0,0,0,0
448,13125,NaN,0,0,0,0,0,0
449,13127,NaN,19,16,14,14,13,14
450,13129,NaN,0,0,0,0,0,0
451,13131,NaN,0,0,0,0,0,2
452,13133,NaN,0,0,0,0,0,0
453,13135,NaN,228,372,583,860,1231,1729
454,13137,NaN,0,0,0,0,0,0
455,13139,NaN,24,27,27,29,28,28
456,13141,NaN,0,0,0,0,0,0
457,13143,NaN,0,0,0,0,0,0
458,13145,NaN,0,0,0,0,0,0
459,13147,NaN,0,0,0,0,0,0
460,13149,NaN,0,0,0,0,0,0
461,13151,NaN,43,28,21,17,14,11
462,13153,NaN,43,57,74,91,112,131
463,13155,NaN,0,0,0,0,0,0
464,13157,NaN,0,0,0,0,0,0
465,13159,NaN,0,0,0,0,0,0
466,13161,NaN,0,0,0,0,0,0
467,13163,NaN,0,0,0,0,0,0
468,13165,NaN,0,0,0,0,0,0
469,13167,NaN,0,0,0,0,0,0
470,13169,NaN,0,0,0,0,0,0
471,13171,NaN,0,0,0,0,0,0
472,13173,NaN,0,0,0,0,0,0
473,13175,NaN,0,0,0,0,0,0
474,13177,NaN,,,,,,NaN
475,13179,NaN,0,0,0,0,0,0
476,13181,NaN,0,0,0,0,0,0
477,13183,NaN,0,0,0,0,0,0
478,13185,NaN,14,14,12,10,8,7
479,13187,NaN,0,0,0,0,0,0
480,13189,NaN,0,0,0,0,0,0
481,13191,NaN,0,0,0,0,0,0
482,13193,NaN,0,0,0,0,0,0
483,13195,NaN,0,0,0,0,0,0
484,13197,NaN,0,0,0,0,0,0
485,13199,NaN,0,0,0,0,0,0
486,13201,NaN,0,0,0,0,0,0
487,13205,NaN,0,0,0,0,0,0
488,13207,NaN,0,0,0,0,0,0
489,13209,NaN,0,0,0,0,0,0
490,13211,NaN,0,0,0,0,0,0
491,13213,NaN,0,0,0,0,0,0
492,13215,NaN,36,38,41,45,43,40
493,13217,NaN,13,14,14,14,12,9
494,13219,NaN,0,0,0,0,0,0
495,13221,NaN,0,0,0,0,0,0
496,13223,NaN,63,67,72,77,79,80
497,13225,NaN,7,6,1,0,3,3
498,13227,NaN,0,0,0,0,0,0
499,13229,NaN,17,14,12,7,7,6
500,13231,NaN,0,0,0,0,0,0
501,13233,NaN,0,0,0,0,0,0
502,13235,NaN,0,0,0,0,0,0
503,13237,NaN,0,0,0,0,0,0
504,13239,NaN,0,0,0,0,0,0
505,13241,NaN,0,0,0,0,0,0
506,13243,NaN,4,0,0,0,0,0
507,13245,NaN,33,33,34,36,33,34
508,13247,NaN,12,13,13,12,14,14
509,13249,NaN,0,0,0,0,0,0
510,13251,NaN,0,0,0,0,0,0
511,13253,NaN,0,0,0,0,0,0
512,13255,NaN,5,0,0,0,0,0
513,13257,NaN,0,0,0,0,0,0
514,13259,NaN,0,0,0,0,0,0
515,13261,NaN,0,0,0,0,0,0
516,13263,NaN,0,0,0,0,0,0
517,13265,NaN,0,0,0,0,0,0
518,13267,NaN,0,0,0,0,0,0
519,13269,NaN,0,0,0,0,0,0
520,13271,NaN,,,,,,NaN
521,13273,NaN,0,0,0,0,0,0
522,13275,NaN,18,26,32,40,51,59
523,13277,NaN,0,0,0,0,0,0
524,13279,NaN,0,0,0,0,0,0
525,13281,NaN,0,0,0,0,0,0
526,13283,NaN,0,0,0,0,0,0
527,13285,NaN,0,0,0,0,0,0
528,13287,NaN,,,,,,NaN
529,13289,NaN,0,0,0,0,0,0
530,13291,NaN,0,0,0,0,0,0
531,13293,NaN,0,0,0,0,0,0
532,13295,NaN,10,7,5,4,1,3
533,13297,NaN,0,0,0,0,0,0
534,13299,NaN,0,0,0,0,0,0
535,13301,NaN,0,0,0,0,0,0
536,13303,NaN,0,0,0,0,0,0
537,13305,NaN,0,0,0,0,0,0
538,13307,NaN,0,0,0,0,0,0
539,13309,NaN,0,0,0,0,0,0
540,13311,NaN,0,0,0,0,0,0
541,13313,NaN,7,7,7,7,7,7
542,13315,NaN,0,0,0,0,0,0
543,13317,NaN,0,0,0,0,0,0
544,13319,NaN,0,0,0,0,0,0
545,13321,NaN,0,0,0,0,0,0
546,15001,NaN,35,31,28,23,21,17
547,15003,NaN,188,202,212,217,213,203
548,15005,NaN,0,0,0,0,0,0
549,15007,NaN,21,20,15,14,8,7
550,15009,NaN,29,21,17,12,8,7
551,16001,NaN,123,123,118,117,113,114
552,16003,NaN,0,0,0,0,0,0
553,16005,NaN,0,0,0,0,0,0
554,16007,NaN,0,0,0,0,0,0
555,16009,NaN,25,14,7,1,0,0
556,16011,NaN,0,0,0,0,0,0
557,16013,NaN,0,0,0,0,0,0
558,16015,NaN,0,0,0,0,0,0
559,16017,NaN,2,0,0,0,0,0
560,16019,NaN,0,0,0,0,0,0
561,16021,NaN,0,0,0,0,0,0
562,16023,NaN,0,0,0,0,0,0
563,16025,NaN,0,0,0,0,0,0
564,16027,NaN,56,42,34,28,21,16
565,16029,NaN,0,0,0,0,0,0
566,16031,NaN,0,0,0,0,0,0
567,16033,NaN,0,0,0,0,0,0
568,16035,NaN,0,0,0,0,0,0
569,16037,NaN,0,0,0,0,0,0
570,16039,NaN,0,0,0,0,0,0
571,16041,NaN,0,0,0,0,0,0
572,16043,NaN,0,0,0,0,0,0
573,16045,NaN,0,0,0,0,0,0
574,16047,NaN,,,,,,NaN
575,16049,NaN,,,,,,NaN
576,16051,NaN,0,0,0,0,0,0
577,16053,NaN,0,0,0,0,0,0
578,16055,NaN,53,40,27,19,14,9
579,16057,NaN,0,0,0,0,0,0
580,16059,NaN,0,0,0,0,0,0
581,16061,NaN,0,0,0,0,0,0
582,16063,NaN,0,0,0,0,0,0
583,16065,NaN,0,0,0,0,0,0
584,16067,NaN,0,0,0,0,0,0
585,16069,NaN,1,0,0,0,0,0
586,16071,NaN,0,0,0,0,0,0
587,16073,NaN,0,0,0,0,0,0
588,16075,NaN,0,0,0,0,0,0
589,16077,NaN,0,0,0,0,0,0
590,16079,NaN,0,0,0,0,0,0
591,16081,NaN,0,0,0,0,0,0
592,16083,NaN,14,14,12,11,8,8
593,16085,NaN,,,,,,NaN
594,16087,NaN,0,0,0,0,0,0
595,17001,NaN,69,86,106,122,133,141
596,17003,NaN,0,0,0,0,0,0
597,17005,NaN,0,0,0,0,0,0
598,17007,NaN,0,0,0,0,0,0
599,17009,NaN,,,,,,NaN
600,17011,NaN,0,0,0,0,0,0
601,17013,NaN,0,0,0,0,0,0
602,17015,NaN,0,0,0,0,0,0
603,17017,NaN,7,6,0,0,0,0
604,17019,NaN,4,0,0,0,0,0
605,17021,NaN,0,0,0,0,0,0
606,17023,NaN,0,0,0,0,0,0
607,17025,NaN,,,,,,NaN
608,17027,NaN,0,0,0,0,0,0
609,17029,NaN,0,0,0,0,0,0
610,17031,NaN,243,294,341,369,398,427
611,17033,NaN,0,0,0,0,0,0
612,17035,NaN,0,0,0,0,0,0
613,17037,NaN,7,4,0,0,0,0
614,17039,NaN,0,0,0,0,0,0
615,17041,NaN,0,0,0,0,0,0
616,17043,NaN,30,26,20,15,8,7
617,17045,NaN,0,0,0,0,0,0
618,17047,NaN,,,,,,NaN
619,17049,NaN,0,0,0,0,0,0
620,17051,NaN,0,0,0,0,0,0
621,17053,NaN,0,0,0,0,0,0
622,17055,NaN,0,0,0,0,0,0
623,17057,NaN,0,0,0,0,0,0
624,17059,NaN,0,0,0,0,0,0
625,17061,NaN,0,0,0,0,0,0
626,17063,NaN,0,0,0,0,0,0
627,17065,NaN,0,0,0,0,0,0
628,17067,NaN,0,0,0,0,0,0
629,17069,NaN,0,0,0,0,0,0
630,17071,NaN,0,0,0,0,0,0
631,17073,NaN,0,0,0,0,0,0
632,17075,NaN,3,0,0,0,0,0
633,17077,NaN,0,0,0,0,0,0
634,17079,NaN,0,0,0,0,0,0
635,17081,NaN,0,0,0,0,0,0
636,17083,NaN,0,0,0,0,0,0
637,17085,NaN,0,0,0,0,0,0
638,17087,NaN,0,0,0,0,0,0
639,17089,NaN,9,7,7,1,0,0
640,17091,NaN,7,6,2,1,0,0
641,17093,NaN,0,0,0,0,0,0
642,17095,NaN,0,0,0,0,0,0
643,17097,NaN,10,3,0,0,0,0
644,17099,NaN,0,0,0,0,0,0
645,17101,NaN,0,0,0,0,0,0
646,17103,NaN,0,0,0,0,0,0
647,17105,NaN,0,0,0,0,0,0
648,17107,NaN,0,0,0,0,0,0
649,17109,NaN,21,21,18,15,11,7
650,17111,NaN,0,0,0,0,0,0
651,17113,NaN,0,0,0,0,0,0
652,17115,NaN,0,0,0,0,0,0
653,17117,NaN,0,0,0,0,0,0
654,17119,NaN,53,78,100,131,153,183
655,17121,NaN,0,0,0,0,0,0
656,17123,NaN,0,0,0,0,0,0
657,17125,NaN,,,,,,NaN
658,17127,NaN,0,0,0,0,0,0
659,17129,NaN,,,,,,NaN
660,17131,NaN,0,0,0,0,0,0
661,17133,NaN,2,0,0,0,0,0
662,17135,NaN,0,0,0,0,0,0
663,17137,NaN,0,0,0,0,0,0
664,17139,NaN,0,0,0,0,0,0
665,17141,NaN,0,0,0,0,0,0
666,17143,NaN,0,0,0,0,0,0
667,17145,NaN,0,0,0,0,0,0
668,17147,NaN,0,0,0,0,0,0
669,17149,NaN,7,3,0,0,0,0
670,17151,NaN,0,0,0,0,0,0
671,17153,NaN,0,0,0,0,0,0
672,17155,NaN,0,0,0,0,0,0
673,17157,NaN,0,0,0,0,0,0
674,17159,NaN,0,0,0,0,0,0
675,17161,NaN,0,0,0,0,0,0
676,17163,NaN,109,142,163,190,209,212
677,17165,NaN,0,0,0,0,0,0
678,17167,NaN,7,7,7,7,5,4
679,17169,NaN,0,0,0,0,0,0
680,17171,NaN,0,0,0,0,0,0
681,17173,NaN,0,0,0,0,0,0
682,17175,NaN,0,0,0,0,0,0
683,17177,NaN,0,0,0,0,0,0
684,17179,NaN,0,0,0,0,0,0
685,17181,NaN,1,0,0,0,0,0
686,17183,NaN,2,0,0,0,0,0
687,17185,NaN,14,8,6,1,0,0
688,17187,NaN,0,0,0,0,0,0
689,17189,NaN,0,0,0,0,0,0
690,17191,NaN,,,,,,NaN
691,17193,NaN,0,0,0,0,0,0
692,17195,NaN,,,,,,NaN
693,17197,NaN,23,15,8,7,2,0
694,17199,NaN,21,21,22,21,20,21
695,17201,NaN,11,6,2,0,0,0
696,17203,NaN,0,0,0,0,0,0
697,18001,NaN,0,0,0,0,0,0
698,18003,NaN,75,81,85,93,94,97
699,18005,NaN,0,0,0,0,0,0
700,18007,NaN,3,6,7,7,13,14
701,18009,NaN,0,0,0,0,0,0
702,18011,NaN,20,19,14,14,11,7
703,18013,NaN,0,0,0,0,0,0
704,18015,NaN,0,0,0,0,0,0
705,18017,NaN,7,6,4,2,1,1
706,18019,NaN,7,5,0,0,0,0
707,18021,NaN,0,0,4,3,4,3
708,18023,NaN,21,24,27,33,39,53
709,18025,NaN,0,0,0,0,0,0
710,18027,NaN,0,0,0,0,0,0
711,18029,NaN,0,0,0,0,0,0
712,18031,NaN,0,0,0,0,0,0
713,18033,NaN,0,1,6,6,7,6
714,18035,NaN,0,0,0,0,0,0
715,18037,NaN,0,0,0,0,0,0
716,18039,NaN,24,18,13,13,9,7
717,18041,NaN,0,0,0,0,0,0
718,18043,NaN,6,0,0,1,0,4
719,18045,NaN,0,0,0,0,3,6
720,18047,NaN,0,0,0,0,0,0
721,18049,NaN,2,0,0,0,0,0
722,18051,NaN,6,6,7,6,6,7
723,18053,NaN,2,0,0,0,0,0
724,18055,NaN,0,0,0,0,0,0
725,18057,NaN,56,55,52,47,42,38
726,18059,NaN,7,3,5,1,0,0
727,18061,NaN,0,0,0,0,0,0
728,18063,NaN,22,18,14,14,9,9
729,18065,NaN,0,0,0,0,0,0
730,18067,NaN,48,50,54,51,53,51
731,18069,NaN,0,0,0,0,0,0
732,18071,NaN,0,0,0,0,0,0
733,18073,NaN,7,7,7,7,7,7
734,18075,NaN,0,0,0,0,0,0
735,18077,NaN,0,0,0,0,0,0
736,18079,NaN,0,0,0,0,0,0
737,18081,NaN,22,14,7,7,5,4
738,18083,NaN,0,0,0,0,0,0
739,18085,NaN,3,1,0,0,0,0
740,18087,NaN,0,0,0,0,0,0
741,18089,NaN,352,420,491,563,650,694
742,18091,NaN,7,6,0,0,0,0
743,18093,NaN,7,7,7,7,7,5
744,18095,NaN,25,22,21,20,17,14
745,18097,NaN,73,44,27,17,10,7
746,18099,NaN,0,0,0,0,0,0
747,18101,NaN,0,0,0,0,0,0
748,18103,NaN,0,0,0,0,0,0
749,18105,NaN,41,37,37,34,34,31
750,18107,NaN,34,33,39,45,55,64
751,18109,NaN,7,7,7,6,3,4
752,18111,NaN,0,0,0,0,0,0
753,18113,NaN,2,0,0,0,0,0
754,18115,NaN,0,0,0,0,0,0
755,18117,NaN,0,0,0,0,0,0
756,18119,NaN,0,0,0,0,0,0
757,18121,NaN,0,0,0,0,0,0
758,18123,NaN,0,0,0,0,0,0
759,18125,NaN,0,0,0,0,0,0
760,18127,NaN,12,7,6,2,0,0
761,18129,NaN,6,0,0,0,0,0
762,18131,NaN,0,0,0,0,0,0
763,18133,NaN,0,0,0,0,0,0
764,18135,NaN,0,0,0,0,0,0
765,18137,NaN,0,0,0,0,0,0
766,18139,NaN,0,0,0,0,0,0
767,18141,NaN,16,11,7,6,4,0
768,18143,NaN,0,0,0,0,0,0
769,18145,NaN,0,0,0,1,0,0
770,18147,NaN,0,0,0,0,0,0
771,18149,NaN,0,0,0,0,0,0
772,18151,NaN,0,0,0,0,0,0
773,18153,NaN,0,0,0,0,0,0
774,18155,NaN,0,0,0,0,0,0
775,18157,NaN,14,11,7,7,5,3
776,18159,NaN,0,0,0,0,0,0
777,18161,NaN,0,0,0,0,0,0
778,18163,NaN,36,54,70,89,107,123
779,18165,NaN,0,0,0,0,0,0
780,18167,NaN,7,7,7,7,6,6
781,18169,NaN,0,0,0,0,0,0
782,18171,NaN,9,7,7,7,7,7
783,18173,NaN,0,0,0,0,0,0
784,18175,NaN,0,0,0,0,0,0
785,18177,NaN,0,0,0,0,0,0
786,18179,NaN,18,16,14,12,12,7
787,18181,NaN,14,12,13,13,16,19
788,18183,NaN,0,0,0,0,0,0
789,19001,NaN,0,0,0,0,0,0
790,19003,NaN,0,0,0,0,0,0
791,19005,NaN,0,0,0,0,0,0
792,19007,NaN,0,0,0,0,0,0
793,19009,NaN,0,0,0,0,0,0
794,19011,NaN,0,0,0,0,0,0
795,19013,NaN,109,114,125,135,140,144
796,19015,NaN,0,0,0,0,0,0
797,19017,NaN,0,0,0,0,0,0
798,19019,NaN,0,0,0,0,0,0
799,19021,NaN,0,0,0,0,0,0
800,19023,NaN,0,0,0,0,0,0
801,19025,NaN,0,0,0,0,0,0
802,19027,NaN,0,0,0,0,0,0
803,19029,NaN,0,0,0,0,0,0
804,19031,NaN,0,0,0,0,0,0
805,19033,NaN,0,0,0,0,0,0
806,19035,NaN,0,0,0,0,0,0
807,19037,NaN,0,0,0,0,0,0
808,19039,NaN,0,0,0,0,0,0
809,19041,NaN,0,0,0,0,0,0
810,19043,NaN,0,0,0,0,0,0
811,19045,NaN,0,0,0,0,0,0
812,19047,NaN,0,0,0,0,0,0
813,19049,NaN,0,0,0,0,0,0
814,19051,NaN,0,0,0,0,0,0
815,19053,NaN,,,,,,NaN
816,19055,NaN,0,0,0,0,0,0
817,19057,NaN,0,0,0,0,0,0
818,19059,NaN,0,0,0,0,0,0
819,19061,NaN,5,2,4,2,0,1
820,19063,NaN,0,0,0,0,0,0
821,19065,NaN,0,0,0,0,0,0
822,19067,NaN,0,0,0,0,0,0
823,19069,NaN,0,0,0,0,0,0
824,19071,NaN,0,0,0,0,0,0
825,19073,NaN,0,0,0,0,0,0
826,19075,NaN,0,0,0,0,0,0
827,19077,NaN,0,0,0,0,0,0
828,19079,NaN,0,0,0,0,0,0
829,19081,NaN,0,0,0,0,0,0
830,19083,NaN,0,0,0,0,0,0
831,19085,NaN,0,0,0,0,0,0
832,19087,NaN,0,0,0,0,0,0
833,19089,NaN,0,0,0,0,0,0
834,19091,NaN,,,,,,NaN
835,19093,NaN,0,0,0,0,0,0
836,19095,NaN,0,0,0,0,0,0
837,19097,NaN,0,0,0,0,0,0
838,19099,NaN,0,0,0,0,0,0
839,19101,NaN,,,,,,NaN
840,19103,NaN,1,0,1,2,0,0
841,19105,NaN,0,0,0,0,0,0
842,19107,NaN,0,0,0,0,0,0
843,19109,NaN,0,0,0,0,0,0
844,19111,NaN,0,0,2,0,0,2
845,19113,NaN,32,26,24,21,19,15
846,19115,NaN,0,0,0,0,0,0
847,19117,NaN,0,0,0,0,0,0
848,19119,NaN,0,0,0,0,0,0
849,19121,NaN,0,0,0,0,0,0
850,19123,NaN,0,0,0,0,0,0
851,19125,NaN,0,0,0,0,0,0
852,19127,NaN,0,0,0,0,0,0
853,19129,NaN,0,0,0,0,0,0
854,19131,NaN,0,0,0,0,0,0
855,19133,NaN,0,0,0,0,0,0
856,19135,NaN,0,0,0,0,0,0
857,19137,NaN,0,0,0,0,0,0
858,19139,NaN,0,0,0,0,0,0
859,19141,NaN,0,0,0,0,0,0
860,19143,NaN,0,0,0,0,0,0
861,19145,NaN,0,0,0,0,0,0
862,19147,NaN,0,0,0,0,0,0
863,19149,NaN,0,0,0,0,0,0
864,19151,NaN,0,0,0,0,0,0
865,19153,NaN,48,46,42,40,38,35
866,19155,NaN,0,0,0,0,0,0
867,19157,NaN,0,0,0,0,0,0
868,19159,NaN,0,0,0,0,0,0
869,19161,NaN,0,0,0,0,0,0
870,19163,NaN,0,0,0,0,0,0
871,19165,NaN,0,0,0,0,0,0
872,19167,NaN,0,0,0,0,0,0
873,19169,NaN,0,0,0,0,0,0
874,19171,NaN,0,0,0,0,0,0
875,19173,NaN,0,0,0,0,0,0
876,19175,NaN,0,0,0,0,0,0
877,19177,NaN,0,0,0,0,0,0
878,19179,NaN,0,0,0,0,0,0
879,19181,NaN,0,0,0,0,0,0
880,19183,NaN,0,0,0,0,0,0
881,19185,NaN,,,,,,NaN
882,19187,NaN,9,6,0,0,0,0
883,19189,NaN,0,0,0,0,0,0
884,19191,NaN,0,0,0,0,0,0
885,19193,NaN,0,0,0,0,0,0
886,19195,NaN,0,0,0,0,0,0
887,19197,NaN,0,0,0,0,0,0
888,20001,NaN,,,,,,NaN
889,20003,NaN,0,0,0,0,0,0
890,20005,NaN,0,0,0,0,0,0
891,20007,NaN,0,0,0,0,0,0
892,20009,NaN,0,0,0,0,0,0
893,20011,NaN,,,,,,NaN
894,20013,NaN,0,0,0,0,0,0
895,20015,NaN,5,2,0,1,1,0
896,20017,NaN,0,0,0,0,0,0
897,20019,NaN,0,0,0,0,0,0
898,20021,NaN,0,0,0,0,0,0
899,20023,NaN,0,0,0,0,0,0
900,20025,NaN,0,0,0,0,0,0
901,20027,NaN,0,0,0,0,0,0
902,20029,NaN,0,0,0,0,0,0
903,20031,NaN,0,0,0,0,0,0
904,20033,NaN,0,0,0,0,0,0
905,20035,NaN,0,0,0,0,0,0
906,20037,NaN,0,0,0,0,0,0
907,20039,NaN,0,0,0,0,0,0
908,20041,NaN,0,0,0,0,0,0
909,20043,NaN,0,0,0,0,0,0
910,20045,NaN,0,0,0,0,0,0
911,20047,NaN,0,0,0,0,0,0
912,20049,NaN,0,0,0,0,0,0
913,20051,NaN,0,0,0,0,0,0
914,20053,NaN,0,0,0,0,0,0
915,20055,NaN,0,0,0,0,0,0
916,20057,NaN,0,0,0,0,0,0
917,20059,NaN,14,10,7,7,3,0
918,20061,NaN,44,64,85,103,119,137
919,20063,NaN,0,0,0,0,0,0
920,20065,NaN,0,0,0,0,0,0
921,20067,NaN,0,0,0,0,0,0
922,20069,NaN,0,0,0,0,0,0
923,20071,NaN,0,0,0,0,0,0
924,20073,NaN,0,0,0,0,0,0
925,20075,NaN,0,0,0,0,0,0
926,20077,NaN,0,0,0,0,0,0
927,20079,NaN,0,0,0,0,0,0
928,20081,NaN,0,0,0,0,0,0
929,20083,NaN,0,0,0,0,0,0
930,20085,NaN,0,0,0,0,0,0
931,20087,NaN,4,1,0,0,0,0
932,20089,NaN,0,0,0,0,0,0
933,20091,NaN,270,319,382,448,521,600
934,20093,NaN,0,0,0,0,0,0
935,20095,NaN,0,0,0,0,0,0
936,20097,NaN,0,0,0,0,0,0
937,20099,NaN,0,0,0,0,0,0
938,20101,NaN,0,0,0,0,0,0
939,20103,NaN,1,7,7,7,9,11
940,20105,NaN,0,0,0,0,0,0
941,20107,NaN,0,0,0,0,0,0
942,20109,NaN,7,0,0,0,0,0
943,20111,NaN,0,0,0,0,0,0
944,20113,NaN,0,0,0,0,0,0
945,20115,NaN,0,0,0,0,0,0
946,20117,NaN,0,0,0,0,0,0
947,20119,NaN,0,0,0,0,0,0
948,20121,NaN,0,0,0,0,0,0
949,20123,NaN,0,0,0,0,0,0
950,20125,NaN,0,0,0,0,0,0
951,20127,NaN,0,0,0,0,0,0
952,20129,NaN,0,0,0,0,0,0
953,20131,NaN,0,0,0,0,0,0
954,20133,NaN,5,1,0,0,0,0
955,20135,NaN,0,0,0,0,0,0
956,20137,NaN,7,0,0,0,0,0
957,20139,NaN,0,0,0,0,0,0
958,20141,NaN,0,0,0,0,0,0
959,20143,NaN,0,0,0,0,0,0
960,20145,NaN,0,0,0,0,0,0
961,20147,NaN,0,0,0,0,0,0
962,20149,NaN,0,0,0,0,0,0
963,20151,NaN,0,0,0,0,0,0
964,20153,NaN,0,0,0,0,0,0
965,20155,NaN,0,0,0,0,0,0
966,20157,NaN,0,0,0,0,0,0
967,20159,NaN,0,0,0,0,0,0
968,20161,NaN,22,23,24,22,22,21
969,20163,NaN,0,0,0,0,0,0
970,20165,NaN,0,0,0,0,0,0
971,20167,NaN,0,0,0,0,0,0
972,20169,NaN,0,0,0,0,0,0
973,20171,NaN,0,0,0,0,0,0
974,20173,NaN,202,215,240,259,276,296
975,20175,NaN,7,1,0,0,0,0
976,20177,NaN,47,61,73,88,105,128
977,20179,NaN,0,0,0,0,0,0
978,20181,NaN,0,0,0,0,0,0
979,20183,NaN,0,0,0,0,0,0
980,20185,NaN,0,0,0,0,0,0
981,20187,NaN,0,0,0,0,0,0
982,20189,NaN,0,0,0,0,0,0
983,20191,NaN,,,,,,NaN
984,20193,NaN,0,0,0,0,0,0
985,20195,NaN,0,0,0,0,0,0
986,20197,NaN,,,,,,NaN
987,20199,NaN,0,0,0,0,0,0
988,20201,NaN,0,0,0,0,0,0
989,20203,NaN,0,0,0,0,0,0
990,20205,NaN,9,7,2,0,0,0
991,20207,NaN,0,0,0,0,0,0
992,20209,NaN,104,118,130,141,151,164
993,21001,NaN,0,0,0,0,0,0
994,21003,NaN,0,0,0,0,0,0
995,21005,NaN,0,0,0,0,0,0
996,21007,NaN,0,0,0,0,0,0
997,21009,NaN,7,0,0,0,0,0
998,21011,NaN,0,0,0,0,0,0
999,21013,NaN,7,7,6,3,0,0
1000,21015,NaN,10,7,3,1,0,0
1001,21017,NaN,0,0,0,0,0,0
1002,21019,NaN,5,7,5,5,5,4
1003,21021,NaN,0,0,0,0,0,0
1004,21023,NaN,0,0,0,0,0,0
1005,21025,NaN,0,0,0,0,0,0
1006,21027,NaN,7,6,4,5,3,2
1007,21029,NaN,0,0,0,0,0,0
1008,21031,NaN,0,0,0,0,0,0
1009,21033,NaN,0,0,0,0,0,0
1010,21035,NaN,0,0,0,0,0,0
1011,21037,NaN,0,0,0,0,0,0
1012,21039,NaN,0,0,0,0,0,0
1013,21041,NaN,0,0,0,0,0,0
1014,21043,NaN,0,0,0,0,0,0
1015,21045,NaN,0,0,0,0,0,0
1016,21047,NaN,0,0,0,0,0,0
1017,21049,NaN,0,0,0,0,0,0
1018,21051,NaN,3,0,0,0,0,0
1019,21053,NaN,0,0,0,0,0,0
1020,21055,NaN,0,0,0,0,0,0
1021,21057,NaN,0,0,0,0,0,0
1022,21059,NaN,5,0,0,0,0,0
1023,21061,NaN,0,0,0,0,0,0
1024,21063,NaN,0,0,0,0,0,0
1025,21065,NaN,0,0,0,0,0,0
1026,21067,NaN,46,36,27,23,19,14
1027,21069,NaN,0,0,0,0,0,0
1028,21071,NaN,0,0,0,0,0,0
1029,21073,NaN,1,0,0,0,0,0
1030,21075,NaN,0,0,0,0,0,0
1031,21077,NaN,0,0,0,0,0,0
1032,21079,NaN,0,0,0,0,0,0
1033,21081,NaN,0,0,0,0,0,0
1034,21083,NaN,21,20,21,19,16,15
1035,21085,NaN,0,0,0,0,0,0
1036,21087,NaN,0,0,0,0,0,0
1037,21089,NaN,7,7,7,7,7,7
1038,21091,NaN,0,0,0,0,0,0
1039,21093,NaN,25,28,29,34,39,42
1040,21095,NaN,0,0,0,0,0,0
1041,21097,NaN,0,0,0,0,0,0
1042,21099,NaN,0,0,0,0,0,0
1043,21101,NaN,0,0,0,0,0,0
1044,21103,NaN,0,0,0,0,0,0
1045,21105,NaN,0,0,0,0,0,0
1046,21107,NaN,42,46,49,54,57,60
1047,21109,NaN,,,,,,NaN
1048,21111,NaN,117,104,95,81,73,66
1049,21113,NaN,0,0,0,0,0,0
1050,21115,NaN,0,0,0,0,0,0
1051,21117,NaN,0,0,0,0,0,0
1052,21119,NaN,,,,,,NaN
1053,21121,NaN,0,0,0,0,0,0
1054,21123,NaN,8,7,7,6,4,4
1055,21125,NaN,11,7,6,5,2,0
1056,21127,NaN,0,0,0,0,0,0
1057,21129,NaN,0,0,0,0,0,0
1058,21131,NaN,0,0,0,0,0,0
1059,21133,NaN,0,0,0,0,0,0
1060,21135,NaN,0,0,0,0,0,0
1061,21137,NaN,0,0,0,0,0,0
1062,21139,NaN,0,0,0,0,0,0
1063,21141,NaN,0,0,0,0,0,0
1064,21143,NaN,,,,,,NaN
1065,21145,NaN,8,11,14,14,14,17
1066,21147,NaN,0,0,0,0,0,0
1067,21149,NaN,0,0,0,0,0,0
1068,21151,NaN,16,15,16,14,14,14
1069,21153,NaN,0,0,0,0,0,0
1070,21155,NaN,0,0,0,0,0,0
1071,21157,NaN,0,0,0,0,0,0
1072,21159,NaN,,,,,,NaN
1073,21161,NaN,0,0,0,0,0,0
1074,21163,NaN,0,0,0,0,0,0
1075,21165,NaN,0,0,0,0,0,0
1076,21167,NaN,0,0,0,0,0,0
1077,21169,NaN,0,0,0,0,0,0
1078,21171,NaN,0,0,0,0,0,0
1079,21173,NaN,0,0,0,0,0,0
1080,21175,NaN,0,0,0,0,0,0
1081,21177,NaN,0,0,0,0,0,0
1082,21179,NaN,0,0,0,0,0,0
1083,21181,NaN,0,0,0,0,0,0
1084,21183,NaN,,,,,,NaN
1085,21185,NaN,0,0,0,0,0,0
1086,21187,NaN,0,0,0,0,0,0
1087,21189,NaN,0,0,0,0,0,0
1088,21191,NaN,0,0,0,0,0,0
1089,21193,NaN,3,7,6,5,6,6
1090,21195,NaN,59,74,88,102,115,121
1091,21197,NaN,7,6,0,2,0,0
1092,21199,NaN,3,1,0,0,0,0
1093,21201,NaN,0,0,0,0,0,0
1094,21203,NaN,0,0,0,0,0,0
1095,21205,NaN,0,0,0,0,0,0
1096,21207,NaN,0,0,0,0,0,0
1097,21209,NaN,5,0,0,0,0,0
1098,21211,NaN,0,0,0,0,0,0
1099,21213,NaN,,,,,,NaN
1100,21215,NaN,0,0,0,0,0,0
1101,21217,NaN,0,0,0,0,0,0
1102,21219,NaN,0,0,0,0,0,0
1103,21221,NaN,0,0,0,0,0,0
1104,21223,NaN,0,0,0,0,0,0
1105,21225,NaN,0,0,0,0,0,0
1106,21227,NaN,25,26,24,22,20,19
1107,21229,NaN,0,0,0,0,0,0
1108,21231,NaN,0,0,0,0,0,0
1109,21233,NaN,2,0,1,0,0,2
1110,21235,NaN,0,0,0,0,0,0
1111,21237,NaN,0,0,0,0,0,0
1112,21239,NaN,0,0,0,0,0,0
1113,22001,NaN,29,37,48,59,73,86
1114,22003,NaN,0,0,0,0,0,0
1115,22005,NaN,95,123,153,188,217,245
1116,22007,NaN,4,4,7,7,7,7
1117,22009,NaN,7,7,7,7,7,8
1118,22011,NaN,0,0,0,1,1,1
1119,22013,NaN,0,0,0,0,0,0
1120,22015,NaN,29,18,14,13,9,7
1121,22017,NaN,67,50,35,25,19,14
1122,22019,NaN,126,128,137,138,149,149
1123,22021,NaN,0,0,0,0,0,0
1124,22023,NaN,0,0,0,0,0,0
1125,22025,NaN,0,0,0,0,0,0
1126,22027,NaN,0,0,0,0,0,0
1127,22029,NaN,0,0,0,0,0,0
1128,22031,NaN,0,0,0,0,0,0
1129,22033,NaN,533,915,1546,2526,3693,5041
1130,22035,NaN,0,0,0,0,0,0
1131,22037,NaN,0,0,0,0,0,0
1132,22039,NaN,0,0,0,0,0,1
1133,22041,NaN,0,0,0,0,0,0
1134,22043,NaN,0,0,0,0,0,0
1135,22045,NaN,0,0,0,1,2,3
1136,22047,NaN,0,0,0,4,7,6
1137,22049,NaN,0,0,0,0,0,0
1138,22051,NaN,137,210,297,425,584,840
1139,22053,NaN,7,6,7,7,7,7
1140,22055,NaN,211,315,472,681,937,1254
1141,22057,NaN,124,153,177,199,219,237
1142,22059,NaN,15,10,7,7,0,0
1143,22061,NaN,27,28,30,33,34,33
1144,22063,NaN,147,156,163,173,170,165
1145,22065,NaN,0,0,0,0,0,0
1146,22067,NaN,0,0,0,0,0,0
1147,22069,NaN,0,0,0,0,0,0
1148,22071,NaN,226,460,918,1746,3133,4938
1149,22073,NaN,59,66,68,75,76,83
1150,22075,NaN,0,0,3,7,15,24
1151,22077,NaN,0,0,0,0,0,0
1152,22079,NaN,26,29,32,33,34,35
1153,22081,NaN,,,,,,NaN
1154,22083,NaN,11,8,7,4,1,0
1155,22085,NaN,0,0,0,0,0,0
1156,22087,NaN,0,0,0,0,2,7
1157,22089,NaN,22,25,28,34,39,45
1158,22091,NaN,0,0,0,0,0,0
1159,22093,NaN,0,0,0,0,0,0
1160,22095,NaN,24,25,33,36,42,46
1161,22097,NaN,28,28,34,38,40,44
1162,22099,NaN,37,52,64,80,92,103
1163,22101,NaN,126,222,357,518,685,762
1164,22103,NaN,228,339,487,683,908,1166
1165,22105,NaN,124,148,170,202,221,238
1166,22107,NaN,0,0,0,0,0,0
1167,22109,NaN,82,97,110,118,124,133
1168,22111,NaN,0,0,0,0,0,0
1169,22113,NaN,28,22,22,20,18,19
1170,22115,NaN,11,16,21,23,27,28
1171,22117,NaN,3,5,6,6,7,7
1172,22119,NaN,14,14,14,16,16,19
1173,22121,NaN,15,17,21,26,29,29
1174,22123,NaN,0,0,0,0,0,0
1175,22125,NaN,0,0,0,0,0,0
1176,22127,NaN,0,0,0,0,0,0
1177,23001,NaN,0,0,0,0,0,0
1178,23003,NaN,0,0,0,0,0,0
1179,23005,NaN,7,3,4,0,0,0
1180,23007,NaN,0,0,0,0,0,0
1181,23009,NaN,0,0,0,0,0,0
1182,23011,NaN,0,0,0,0,0,0
1183,23013,NaN,0,0,0,0,0,0
1184,23015,NaN,0,0,0,0,0,0
1185,23017,NaN,0,0,0,0,0,0
1186,23019,NaN,6,0,0,0,0,0
1187,23021,NaN,0,0,0,0,0,0
1188,23023,NaN,0,0,0,0,0,0
1189,23025,NaN,0,0,0,0,0,0
1190,23027,NaN,0,0,0,0,0,0
1191,23029,NaN,0,0,0,0,0,0
1192,23031,NaN,23,20,17,15,11,10
1193,24001,NaN,0,0,0,0,0,0
1194,24003,NaN,16,15,14,14,10,7
1195,24005,NaN,34,30,24,18,15,10
1196,24009,NaN,0,0,0,0,0,0
1197,24011,NaN,0,0,0,0,0,0
1198,24013,NaN,0,0,0,0,0,0
1199,24015,NaN,0,0,0,0,0,0
1200,24017,NaN,7,3,0,0,0,0
1201,24019,NaN,0,0,0,0,0,0
1202,24021,NaN,0,0,0,0,0,0
1203,24023,NaN,0,0,0,0,0,0
1204,24025,NaN,0,0,0,0,0,0
1205,24027,NaN,8,7,7,7,6,6
1206,24029,NaN,,,,,,NaN
1207,24031,NaN,52,66,81,92,105,118
1208,24033,NaN,58,57,56,55,49,44
1209,24035,NaN,0,0,0,0,0,0
1210,24037,NaN,0,0,0,0,0,0
1211,24039,NaN,0,0,0,0,0,0
1212,24041,NaN,0,0,0,0,0,0
1213,24043,NaN,0,0,0,0,0,0
1214,24045,NaN,0,0,0,0,0,0
1215,24047,NaN,0,0,0,0,0,0
1216,24510,NaN,33,23,19,13,11,7
1217,25001,NaN,0,0,0,0,0,0
1218,25003,NaN,0,0,0,0,0,0
1219,25005,NaN,11,7,3,0,0,0
1220,25007,NaN,0,0,0,0,0,0
1221,25009,NaN,20,14,10,7,1,0
1222,25011,NaN,0,0,0,0,0,0
1223,25013,NaN,7,5,0,0,0,0
1224,25015,NaN,0,0,0,0,0,0
1225,25017,NaN,52,48,39,35,27,22
1226,25019,NaN,0,0,0,0,0,0
1227,25021,NaN,14,9,7,6,1,0
1228,25023,NaN,2,0,0,0,0,0
1229,25025,NaN,32,25,21,15,11,7
1230,25027,NaN,37,30,24,17,13,8
1231,26001,NaN,0,0,0,0,0,0
1232,26003,NaN,0,0,0,0,0,0
1233,26005,NaN,0,0,0,0,0,0
1234,26007,NaN,0,0,0,0,0,0
1235,26009,NaN,0,0,0,0,0,0
1236,26011,NaN,0,0,0,0,0,0
1237,26013,NaN,0,0,0,0,0,0
1238,26015,NaN,0,0,0,0,0,0
1239,26017,NaN,0,0,0,0,0,0
1240,26019,NaN,0,0,0,0,0,0
1241,26021,NaN,1,1,0,0,0,0
1242,26023,NaN,2,0,0,0,0,0
1243,26025,NaN,5,1,0,0,0,0
1244,26027,NaN,0,0,0,0,0,0
1245,26029,NaN,0,0,0,0,0,0
1246,26031,NaN,0,0,0,0,0,0
1247,26033,NaN,0,0,0,0,0,0
1248,26035,NaN,0,0,0,0,0,0
1249,26037,NaN,3,0,0,0,0,0
1250,26039,NaN,0,0,0,0,0,0
1251,26041,NaN,0,0,0,0,0,0
1252,26043,NaN,0,0,0,0,0,0
1253,26045,NaN,0,0,0,0,0,0
1254,26047,NaN,0,0,0,0,0,0
1255,26049,NaN,6,2,0,0,0,0
1256,26051,NaN,0,0,0,0,0,0
1257,26053,NaN,0,0,0,0,0,0
1258,26055,NaN,0,0,0,0,0,0
1259,26057,NaN,10,5,0,0,0,0
1260,26059,NaN,0,0,0,0,0,0
1261,26061,NaN,0,0,0,0,0,0
1262,26063,NaN,0,0,0,0,0,0
1263,26065,NaN,5,0,0,0,0,0
1264,26067,NaN,0,0,0,0,0,0
1265,26069,NaN,0,0,0,0,0,0
1266,26071,NaN,0,0,0,0,0,0
1267,26073,NaN,0,0,0,0,0,0
1268,26075,NaN,0,0,0,0,0,0
1269,26077,NaN,14,19,20,20,20,21
1270,26079,NaN,0,0,0,0,0,0
1271,26081,NaN,346,679,1206,2041,3278,4741
1272,26083,NaN,0,0,0,0,0,0
1273,26085,NaN,0,0,0,0,0,0
1274,26087,NaN,0,0,0,0,0,0
1275,26089,NaN,0,0,0,0,0,0
1276,26091,NaN,0,0,0,0,0,0
1277,26093,NaN,0,0,0,0,0,0
1278,26095,NaN,0,0,0,0,0,0
1279,26097,NaN,0,0,0,0,0,0
1280,26099,NaN,35,23,16,11,7,5
1281,26101,NaN,0,0,0,0,0,0
1282,26103,NaN,12,7,7,4,1,1
1283,26105,NaN,0,0,0,0,0,0
1284,26107,NaN,0,0,0,0,0,0
1285,26109,NaN,0,0,0,0,0,0
1286,26111,NaN,0,0,0,0,0,0
1287,26113,NaN,0,0,0,0,0,0
1288,26115,NaN,0,0,0,0,0,0
1289,26117,NaN,0,0,0,0,0,0
1290,26119,NaN,0,0,0,0,0,0
1291,26121,NaN,0,0,0,0,0,0
1292,26123,NaN,0,0,0,0,0,0
1293,26125,NaN,83,66,54,45,35,30
1294,26127,NaN,0,0,0,0,0,0
1295,26129,NaN,0,0,0,0,0,0
1296,26131,NaN,0,0,0,0,0,0
1297,26133,NaN,0,0,0,0,0,0
1298,26135,NaN,0,0,0,0,0,0
1299,26137,NaN,0,0,0,0,0,0
1300,26139,NaN,26,27,25,23,22,21
1301,26141,NaN,0,0,0,0,0,0
1302,26143,NaN,0,0,0,0,0,0
1303,26145,NaN,1,0,0,0,0,0
1304,26147,NaN,0,0,0,0,0,0
1305,26149,NaN,0,0,0,0,0,0
1306,26151,NaN,0,0,0,0,0,0
1307,26153,NaN,0,0,0,0,0,0
1308,26155,NaN,0,0,0,0,0,0
1309,26157,NaN,0,0,0,0,0,0
1310,26159,NaN,0,0,0,0,0,0
1311,26161,NaN,0,0,0,0,0,0
1312,26163,NaN,291,442,639,905,1241,1693
1313,26165,NaN,0,0,0,0,0,0
1314,27001,NaN,0,0,0,0,0,0
1315,27003,NaN,31,24,19,15,13,8
1316,27005,NaN,0,0,0,0,0,0
1317,27007,NaN,0,0,0,0,0,0
1318,27009,NaN,0,0,0,0,0,0
1319,27011,NaN,0,0,0,0,0,0
1320,27013,NaN,0,0,0,0,0,0
1321,27015,NaN,0,0,0,0,0,0
1322,27017,NaN,0,0,0,0,0,0
1323,27019,NaN,0,0,0,0,0,0
1324,27021,NaN,0,0,0,0,0,0
1325,27023,NaN,0,0,0,0,0,0
1326,27025,NaN,0,0,0,0,0,0
1327,27027,NaN,0,0,0,0,0,0
1328,27029,NaN,0,0,0,0,0,0
1329,27031,NaN,0,0,0,0,0,0
1330,27033,NaN,0,0,0,0,0,0
1331,27035,NaN,0,0,0,0,0,0
1332,27037,NaN,42,37,33,28,22,19
1333,27039,NaN,0,0,0,0,0,0
1334,27041,NaN,0,0,0,0,0,0
1335,27043,NaN,0,0,0,0,0,0
1336,27045,NaN,0,0,0,0,0,0
1337,27047,NaN,0,0,0,0,0,0
1338,27049,NaN,0,0,0,0,0,0
1339,27051,NaN,0,0,0,0,0,0
1340,27053,NaN,160,154,151,144,136,126
1341,27055,NaN,0,0,0,0,0,0
1342,27057,NaN,0,0,0,0,0,0
1343,27059,NaN,0,0,0,0,0,0
1344,27061,NaN,0,0,0,0,0,0
1345,27063,NaN,0,0,0,0,0,0
1346,27065,NaN,0,0,0,0,0,0
1347,27067,NaN,0,0,0,0,0,0
1348,27069,NaN,0,0,0,0,0,0
1349,27071,NaN,0,0,0,0,0,0
1350,27073,NaN,0,0,0,0,0,0
1351,27075,NaN,0,0,0,0,0,0
1352,27077,NaN,0,0,0,0,0,0
1353,27079,NaN,0,0,0,0,0,0
1354,27081,NaN,0,0,0,0,0,0
1355,27083,NaN,0,0,0,0,0,0
1356,27085,NaN,0,0,0,0,0,0
1357,27087,NaN,0,0,0,0,0,0
1358,27089,NaN,0,0,0,0,0,0
1359,27091,NaN,0,0,0,0,0,0
1360,27093,NaN,0,0,0,0,0,0
1361,27095,NaN,0,0,0,0,0,0
1362,27097,NaN,0,0,0,0,0,0
1363,27099,NaN,0,0,0,0,0,0
1364,27101,NaN,0,0,0,0,0,0
1365,27103,NaN,0,0,0,0,0,0
1366,27105,NaN,0,0,0,0,0,0
1367,27107,NaN,0,0,0,0,0,0
1368,27109,NaN,0,0,0,0,0,0
1369,27111,NaN,0,0,0,0,0,0
1370,27113,NaN,0,0,0,0,0,0
1371,27115,NaN,0,0,0,0,0,0
1372,27117,NaN,0,0,0,0,0,0
1373,27119,NaN,0,0,0,0,0,0
1374,27121,NaN,0,0,0,0,0,0
1375,27123,NaN,31,23,15,15,10,7
1376,27125,NaN,0,0,0,0,0,0
1377,27127,NaN,0,0,0,0,0,0
1378,27129,NaN,0,0,0,0,0,0
1379,27131,NaN,0,0,0,0,0,0
1380,27133,NaN,0,0,0,0,0,0
1381,27135,NaN,0,0,0,0,0,0
1382,27137,NaN,2,0,0,0,0,0
1383,27139,NaN,0,0,0,0,0,0
1384,27141,NaN,0,0,0,0,0,0
1385,27143,NaN,0,0,0,0,0,0
1386,27145,NaN,0,0,0,0,0,0
1387,27147,NaN,0,0,0,0,0,0
1388,27149,NaN,0,0,0,0,0,0
1389,27151,NaN,0,0,0,0,0,0
1390,27153,NaN,0,0,0,0,0,0
1391,27155,NaN,0,0,0,0,0,0
1392,27157,NaN,0,0,0,0,0,0
1393,27159,NaN,0,0,0,0,0,0
1394,27161,NaN,0,0,0,0,0,0
1395,27163,NaN,10,7,6,3,2,0
1396,27165,NaN,0,0,0,0,0,0
1397,27167,NaN,0,0,0,0,0,0
1398,27169,NaN,0,0,0,0,0,0
1399,27171,NaN,0,0,0,0,0,0
1400,27173,NaN,0,0,0,0,0,0
1401,28001,NaN,0,0,0,0,0,0
1402,28003,NaN,0,0,0,0,0,0
1403,28005,NaN,0,0,0,0,0,0
1404,28007,NaN,0,0,0,0,0,0
1405,28009,NaN,0,0,0,0,0,0
1406,28011,NaN,0,0,0,0,0,0
1407,28013,NaN,0,0,0,0,0,0
1408,28015,NaN,0,0,0,0,0,0
1409,28017,NaN,,,,,,NaN
1410,28019,NaN,,,,,,NaN
1411,28021,NaN,0,0,0,0,0,0
1412,28023,NaN,0,0,0,0,0,0
1413,28025,NaN,0,0,0,0,0,0
1414,28027,NaN,15,14,14,14,10,10
1415,28029,NaN,7,5,1,1,0,0
1416,28031,NaN,0,0,0,0,0,0
1417,28033,NaN,60,69,76,83,90,97
1418,28035,NaN,23,26,30,35,36,37
1419,28037,NaN,0,0,0,0,0,0
1420,28039,NaN,0,0,0,0,0,0
1421,28041,NaN,0,0,0,0,0,0
1422,28043,NaN,0,0,0,0,0,0
1423,28045,NaN,0,0,1,1,2,4
1424,28047,NaN,118,172,241,327,446,575
1425,28049,NaN,185,224,271,314,362,394
1426,28051,NaN,0,0,0,0,0,0
1427,28053,NaN,0,0,0,0,0,0
1428,28055,NaN,0,0,0,0,0,0
1429,28057,NaN,0,0,0,0,0,0
1430,28059,NaN,71,87,108,130,157,178
1431,28061,NaN,0,0,0,0,0,0
1432,28063,NaN,0,0,0,0,0,0
1433,28065,NaN,0,0,0,0,0,0
1434,28067,NaN,0,0,0,0,0,0
1435,28069,NaN,0,0,0,0,0,0
1436,28071,NaN,0,0,0,0,0,0
1437,28073,NaN,21,26,28,30,34,35
1438,28075,NaN,0,0,0,0,0,0
1439,28077,NaN,0,0,0,0,0,0
1440,28079,NaN,0,0,0,0,0,0
1441,28081,NaN,7,13,20,25,31,42
1442,28083,NaN,0,0,0,0,0,0
1443,28085,NaN,0,0,0,0,0,0
1444,28087,NaN,21,22,26,27,33,39
1445,28089,NaN,25,33,42,52,65,76
1446,28091,NaN,10,7,7,5,0,0
1447,28093,NaN,0,0,0,0,0,0
1448,28095,NaN,0,0,0,0,0,0
1449,28097,NaN,0,0,0,0,0,0
1450,28099,NaN,,,,,,NaN
1451,28101,NaN,,,,,,NaN
1452,28103,NaN,0,0,0,0,0,0
1453,28105,NaN,0,0,0,0,0,0
1454,28107,NaN,0,0,0,0,0,0
1455,28109,NaN,13,16,21,25,28,34
1456,28111,NaN,7,1,0,0,0,0
1457,28113,NaN,0,0,0,0,0,0
1458,28115,NaN,0,0,0,0,0,0
1459,28117,NaN,8,7,1,0,0,0
1460,28119,NaN,0,0,0,0,0,0
1461,28121,NaN,125,198,302,476,678,934
1462,28123,NaN,0,0,0,0,0,0
1463,28125,NaN,0,0,0,0,0,0
1464,28127,NaN,0,0,0,0,0,0
1465,28129,NaN,,,,,,NaN
1466,28131,NaN,7,7,5,2,1,1
1467,28133,NaN,0,0,0,0,0,0
1468,28135,NaN,0,0,0,0,0,0
1469,28137,NaN,0,0,0,0,0,0
1470,28139,NaN,0,0,0,0,0,0
1471,28141,NaN,7,2,0,0,0,0
1472,28143,NaN,0,0,0,0,0,0
1473,28145,NaN,0,0,0,0,0,0
1474,28147,NaN,0,0,0,0,0,0
1475,28149,NaN,0,0,0,0,0,0
1476,28151,NaN,1,1,1,2,2,6
1477,28153,NaN,,,,,,NaN
1478,28155,NaN,0,0,0,0,0,0
1479,28157,NaN,0,0,0,0,0,0
1480,28159,NaN,0,0,0,0,0,0
1481,28161,NaN,0,0,0,0,0,0
1482,28163,NaN,0,0,0,0,0,0
1483,29001,NaN,0,1,1,0,1,1
1484,29003,NaN,6,4,4,4,1,0
1485,29005,NaN,0,0,0,0,0,0
1486,29007,NaN,3,0,0,0,0,0
1487,29009,NaN,34,38,45,48,51,57
1488,29011,NaN,8,7,0,0,0,0
1489,29013,NaN,,,,,,NaN
1490,29015,NaN,0,0,0,0,0,0
1491,29017,NaN,2,0,0,0,0,0
1492,29019,NaN,250,382,560,784,1024,1249
1493,29021,NaN,245,386,565,733,845,840
1494,29023,NaN,2,1,2,5,6,5
1495,29025,NaN,0,0,0,0,0,0
1496,29027,NaN,8,7,9,10,12,12
1497,29029,NaN,124,162,210,271,313,333
1498,29031,NaN,7,7,7,9,9,9
1499,29033,NaN,0,0,0,0,0,0
1500,29035,NaN,0,0,0,0,0,0
1501,29037,NaN,88,104,116,132,145,151
1502,29039,NaN,0,0,0,0,0,0
1503,29041,NaN,0,0,0,0,0,0
1504,29043,NaN,272,300,320,354,367,370
1505,29045,NaN,0,0,0,0,0,0
1506,29047,NaN,103,120,143,158,182,210
1507,29049,NaN,0,0,0,0,0,0
1508,29051,NaN,67,89,113,131,161,175
1509,29053,NaN,0,0,0,0,0,0
1510,29055,NaN,4,6,6,7,7,7
1511,29057,NaN,0,0,0,0,0,0
1512,29059,NaN,32,42,46,52,54,53
1513,29061,NaN,0,0,0,0,0,0
1514,29063,NaN,7,7,4,4,0,0
1515,29065,NaN,0,0,0,0,0,0
1516,29067,NaN,5,1,0,0,0,0
1517,29069,NaN,37,35,41,48,56,65
1518,29071,NaN,21,26,28,31,32,35
1519,29073,NaN,0,0,0,0,0,0
1520,29075,NaN,3,0,0,0,0,0
1521,29077,NaN,854,1002,1120,1188,1215,1165
1522,29079,NaN,7,5,2,0,0,0
1523,29081,NaN,,,,,,NaN
1524,29083,NaN,0,0,0,0,0,0
1525,29085,NaN,14,9,7,6,5,1
1526,29087,NaN,,,,,,NaN
1527,29089,NaN,,,,,,NaN
1528,29091,NaN,21,29,36,47,57,67
1529,29093,NaN,0,0,0,0,0,0
1530,29095,NaN,304,317,338,351,369,379
1531,29097,NaN,493,549,591,606,593,524
1532,29099,NaN,91,112,147,180,224,269
1533,29101,NaN,8,11,12,13,14,14
1534,29103,NaN,0,0,0,0,0,0
1535,29105,NaN,124,134,145,152,156,147
1536,29107,NaN,21,22,25,28,28,28
1537,29109,NaN,96,127,153,170,175,168
1538,29111,NaN,4,0,0,0,0,0
1539,29113,NaN,42,49,55,57,58,62
1540,29115,NaN,16,11,7,7,7,7
1541,29117,NaN,14,7,6,0,0,0
1542,29119,NaN,13,14,14,13,14,14
1543,29121,NaN,0,0,0,0,0,0
1544,29123,NaN,0,0,0,0,0,0
1545,29125,NaN,0,0,0,0,0,0
1546,29127,NaN,0,0,0,0,0,0
1547,29129,NaN,0,0,0,0,0,0
1548,29131,NaN,20,16,9,8,7,7
1549,29133,NaN,0,0,0,0,0,0
1550,29135,NaN,,,,,,NaN
1551,29137,NaN,,,,,,NaN
1552,29139,NaN,7,7,7,1,0,0
1553,29141,NaN,42,32,25,16,12,7
1554,29143,NaN,0,0,0,0,0,0
1555,29145,NaN,159,191,213,230,239,224
1556,29147,NaN,0,0,0,0,0,0
1557,29149,NaN,4,0,0,0,0,0
1558,29151,NaN,,,,,,NaN
1559,29153,NaN,7,7,3,0,0,0
1560,29155,NaN,13,14,14,14,15,18
1561,29157,NaN,0,0,0,0,0,0
1562,29159,NaN,8,11,14,14,15,17
1563,29161,NaN,29,38,43,51,61,70
1564,29163,NaN,7,7,4,1,0,0
1565,29165,NaN,7,7,8,9,12,14
1566,29167,NaN,125,147,179,198,215,214
1567,29169,NaN,54,69,84,105,118,137
1568,29171,NaN,0,0,0,0,0,0
1569,29173,NaN,0,0,0,0,0,0
1570,29175,NaN,0,0,0,0,2,4
1571,29177,NaN,0,0,0,0,0,0
1572,29179,NaN,0,0,0,0,0,0
1573,29181,NaN,0,0,0,0,0,0
1574,29183,NaN,156,175,201,225,242,259
1575,29185,NaN,0,0,0,0,0,0
1576,29186,NaN,0,0,0,0,0,0
1577,29187,NaN,14,14,15,17,20,25
1578,29189,NaN,696,881,1071,1276,1490,1708
1579,29195,NaN,14,11,7,4,0,0
1580,29197,NaN,0,0,0,0,0,0
1581,29199,NaN,0,0,0,0,0,0
1582,29201,NaN,0,0,0,6,7,10
1583,29203,NaN,7,5,0,0,0,0
1584,29205,NaN,0,0,0,0,0,0
1585,29207,NaN,21,17,15,13,14,12
1586,29209,NaN,90,112,142,171,209,213
1587,29211,NaN,,,,,,NaN
1588,29213,NaN,193,205,205,187,170,135
1589,29215,NaN,17,13,11,8,7,7
1590,29217,NaN,11,7,7,1,0,0
1591,29219,NaN,7,7,7,7,7,7
1592,29221,NaN,0,0,0,0,0,0
1593,29223,NaN,0,0,0,0,0,0
1594,29225,NaN,132,145,159,168,157,143
1595,29227,NaN,0,0,0,0,0,0
1596,29229,NaN,0,0,0,0,0,1
1597,29510,NaN,166,239,343,479,636,816
1598,30001,NaN,0,0,0,0,0,0
1599,30003,NaN,0,0,0,0,0,0
1600,30005,NaN,,,,,,NaN
1601,30007,NaN,0,0,0,0,0,0
1602,30009,NaN,,,,,,NaN
1603,30011,NaN,0,0,0,0,0,0
1604,30013,NaN,33,29,24,21,19,14
1605,30015,NaN,0,0,0,0,0,0
1606,30017,NaN,0,0,0,0,0,0
1607,30019,NaN,0,0,0,0,0,0
1608,30021,NaN,0,0,0,0,0,0
1609,30023,NaN,0,0,0,0,0,0
1610,30025,NaN,0,0,0,0,0,0
1611,30027,NaN,0,0,0,0,0,0
1612,30029,NaN,36,28,23,18,14,14
1613,30031,NaN,0,0,0,0,0,0
1614,30033,NaN,0,0,0,0,0,0
1615,30035,NaN,0,0,0,0,0,0
1616,30037,NaN,0,0,0,0,0,0
1617,30039,NaN,0,0,0,0,0,0
1618,30041,NaN,,,,,,NaN
1619,30043,NaN,0,0,0,0,0,0
1620,30045,NaN,0,0,0,0,0,0
1621,30047,NaN,0,0,0,0,0,0
1622,30049,NaN,7,7,5,4,2,1
1623,30051,NaN,0,0,0,0,0,0
1624,30053,NaN,,,,,,NaN
1625,30055,NaN,0,0,0,0,0,0
1626,30057,NaN,0,0,0,0,0,0
1627,30059,NaN,0,0,0,0,0,0
1628,30061,NaN,0,0,0,0,0,0
1629,30063,NaN,20,16,12,12,10,7
1630,30065,NaN,0,0,0,0,0,0
1631,30067,NaN,0,0,0,0,0,0
1632,30069,NaN,0,0,0,0,0,0
1633,30071,NaN,0,0,0,0,0,0
1634,30073,NaN,0,0,0,0,0,0
1635,30075,NaN,0,0,0,0,0,0
1636,30077,NaN,0,0,0,0,0,0
1637,30079,NaN,0,0,0,0,0,0
1638,30081,NaN,6,0,0,0,0,0
1639,30083,NaN,0,0,0,0,0,0
1640,30085,NaN,0,0,0,0,0,0
1641,30087,NaN,0,0,0,0,0,0
1642,30089,NaN,0,0,0,0,0,0
1643,30091,NaN,0,0,0,0,0,0
1644,30093,NaN,0,0,0,0,0,0
1645,30095,NaN,0,0,0,0,0,0
1646,30097,NaN,0,0,0,0,0,0
1647,30099,NaN,0,0,0,0,0,0
1648,30101,NaN,0,0,0,0,0,0
1649,30103,NaN,0,0,0,0,0,0
1650,30105,NaN,0,0,0,0,0,0
1651,30107,NaN,0,0,0,0,0,0
1652,30109,NaN,0,0,0,0,0,0
1653,30111,NaN,81,79,77,70,66,60
1654,31001,NaN,4,4,4,5,5,6
1655,31003,NaN,0,0,0,0,0,0
1656,31005,NaN,0,0,0,0,0,0
1657,31007,NaN,0,0,0,0,0,0
1658,31009,NaN,0,0,0,0,0,0
1659,31011,NaN,0,0,0,0,0,0
1660,31013,NaN,,,,,,NaN
1661,31015,NaN,0,0,0,0,0,0
1662,31017,NaN,0,0,0,0,0,0
1663,31019,NaN,0,0,0,0,0,0
1664,31021,NaN,0,0,0,0,0,0
1665,31023,NaN,0,0,0,0,0,0
1666,31025,NaN,0,0,0,0,0,0
1667,31027,NaN,0,0,0,0,0,0
1668,31029,NaN,0,0,0,0,0,0
1669,31031,NaN,0,0,0,0,0,0
1670,31033,NaN,0,0,0,0,0,0
1671,31035,NaN,0,0,0,0,0,0
1672,31037,NaN,0,0,0,0,0,0
1673,31039,NaN,0,0,0,0,0,0
1674,31041,NaN,0,0,0,0,0,0
1675,31043,NaN,,,,,,NaN
1676,31045,NaN,0,0,0,0,0,0
1677,31047,NaN,0,0,0,0,0,0
1678,31049,NaN,0,0,0,0,0,0
1679,31051,NaN,0,0,0,0,0,0
1680,31053,NaN,0,0,0,0,0,0
1681,31055,NaN,140,135,133,120,113,105
1682,31057,NaN,0,0,0,0,0,0
1683,31059,NaN,0,0,0,0,0,0
1684,31061,NaN,0,0,0,0,0,0
1685,31063,NaN,0,0,0,0,0,0
1686,31065,NaN,0,0,0,0,0,0
1687,31067,NaN,0,0,0,0,0,0
1688,31069,NaN,0,0,0,0,0,0
1689,31071,NaN,0,0,0,0,0,0
1690,31073,NaN,0,0,0,0,0,0
1691,31075,NaN,0,0,0,0,0,0
1692,31077,NaN,0,0,0,0,0,0
1693,31079,NaN,5,7,7,7,6,7
1694,31081,NaN,0,0,0,0,0,0
1695,31083,NaN,0,0,0,0,0,0
1696,31085,NaN,0,0,0,0,0,0
1697,31087,NaN,0,0,0,0,0,0
1698,31089,NaN,0,0,0,0,0,0
1699,31091,NaN,0,0,0,0,0,0
1700,31093,NaN,0,0,0,0,0,0
1701,31095,NaN,0,0,0,0,0,0
1702,31097,NaN,0,0,0,0,0,0
1703,31099,NaN,0,0,0,0,0,0
1704,31101,NaN,0,0,0,0,0,0
1705,31103,NaN,0,0,0,0,0,0
1706,31105,NaN,,,,,,NaN
1707,31107,NaN,0,0,0,0,0,0
1708,31109,NaN,74,71,70,67,65,60
1709,31111,NaN,0,0,0,0,0,0
1710,31113,NaN,0,0,0,0,0,0
1711,31115,NaN,0,0,0,0,0,0
1712,31117,NaN,0,0,0,0,0,0
1713,31119,NaN,0,0,0,0,0,0
1714,31121,NaN,0,0,0,0,0,0
1715,31123,NaN,0,0,0,0,0,0
1716,31125,NaN,0,0,0,0,0,0
1717,31127,NaN,0,0,0,0,0,0
1718,31129,NaN,0,0,0,0,0,0
1719,31131,NaN,0,0,0,0,0,0
1720,31133,NaN,0,0,0,0,0,0
1721,31135,NaN,0,0,0,0,0,0
1722,31137,NaN,0,0,0,0,0,0
1723,31139,NaN,0,0,0,0,0,0
1724,31141,NaN,0,0,0,0,0,0
1725,31143,NaN,0,0,0,0,0,0
1726,31145,NaN,0,0,0,0,0,0
1727,31147,NaN,,,,,,NaN
1728,31149,NaN,0,0,0,0,0,0
1729,31151,NaN,0,0,0,0,0,0
1730,31153,NaN,44,48,54,63,72,80
1731,31155,NaN,0,0,0,0,0,0
1732,31157,NaN,14,18,21,21,22,21
1733,31159,NaN,0,0,0,0,0,0
1734,31161,NaN,0,0,0,0,0,0
1735,31163,NaN,0,0,0,0,0,0
1736,31165,NaN,0,0,0,0,0,0
1737,31167,NaN,0,0,0,0,0,0
1738,31169,NaN,0,0,0,0,0,0
1739,31171,NaN,0,0,0,0,0,0
1740,31173,NaN,0,0,0,0,0,0
1741,31175,NaN,0,0,0,0,0,0
1742,31177,NaN,0,0,0,0,0,0
1743,31179,NaN,0,0,0,0,0,0
1744,31181,NaN,0,0,0,0,0,0
1745,31183,NaN,0,0,0,0,0,0
1746,31185,NaN,0,0,0,0,0,0
1747,32001,NaN,,,,,,NaN
1748,32003,NaN,3467,4464,5461,6443,7015,7318
1749,32005,NaN,6,6,2,3,3,3
1750,32007,NaN,0,0,0,0,0,0
1751,32009,NaN,0,0,0,0,0,0
1752,32011,NaN,0,0,0,0,0,0
1753,32013,NaN,0,0,0,0,0,0
1754,32015,NaN,,,,,,NaN
1755,32017,NaN,0,0,0,0,0,0
1756,32019,NaN,0,0,0,0,0,0
1757,32021,NaN,0,0,0,0,0,0
1758,32023,NaN,0,0,0,0,0,0
1759,32027,NaN,0,0,0,0,0,0
1760,32029,NaN,0,0,0,0,0,0
1761,32031,NaN,0,0,0,0,0,0
1762,32033,NaN,,,,,,NaN
1763,32510,NaN,9,10,13,14,14,15
1764,33001,NaN,0,0,0,0,0,0
1765,33003,NaN,0,0,0,0,0,0
1766,33005,NaN,0,0,0,0,0,0
1767,33007,NaN,0,0,0,0,0,0
1768,33009,NaN,0,0,0,0,0,0
1769,33011,NaN,13,7,7,4,0,0
1770,33013,NaN,0,0,0,0,0,0
1771,33015,NaN,0,0,0,0,0,0
1772,33017,NaN,7,7,0,1,0,0
1773,33019,NaN,0,0,0,0,0,0
1774,34001,NaN,7,6,1,1,0,0
1775,34003,NaN,203,228,245,252,253,249
1776,34005,NaN,60,56,52,50,42,38
1777,34007,NaN,61,68,77,84,88,86
1778,34009,NaN,7,7,4,1,0,0
1779,34011,NaN,9,7,7,1,0,0
1780,34013,NaN,,,,,,NaN
1781,34015,NaN,26,23,21,19,15,14
1782,34017,NaN,51,27,16,9,7,2
1783,34019,NaN,7,7,7,2,4,0
1784,34021,NaN,25,20,15,13,7,7
1785,34023,NaN,62,40,27,17,11,7
1786,34025,NaN,264,320,359,394,413,426
1787,34027,NaN,53,47,39,32,25,21
1788,34029,NaN,162,154,142,126,109,94
1789,34031,NaN,76,54,36,26,20,13
1790,34033,NaN,,,,,,NaN
1791,34035,NaN,55,59,68,68,65,67
1792,34037,NaN,7,7,7,7,7,5
1793,34039,NaN,65,55,44,34,27,21
1794,34041,NaN,2,0,0,0,0,0
1795,35001,NaN,118,95,82,70,56,43
1796,35003,NaN,0,0,0,0,0,0
1797,35005,NaN,0,0,0,0,0,0
1798,35006,NaN,0,0,0,0,0,0
1799,35007,NaN,0,0,0,0,0,0
1800,35009,NaN,0,0,0,0,0,0
1801,35011,NaN,0,0,0,0,0,0
1802,35013,NaN,20,20,16,14,12,8
1803,35015,NaN,0,0,0,0,0,0
1804,35017,NaN,0,0,0,0,0,0
1805,35019,NaN,0,0,0,0,0,0
1806,35021,NaN,0,0,0,0,0,0
1807,35023,NaN,0,0,0,0,0,0
1808,35025,NaN,0,0,0,0,0,0
1809,35027,NaN,0,0,0,0,0,0
1810,35028,NaN,0,0,0,0,0,0
1811,35029,NaN,0,0,0,0,0,0
1812,35031,NaN,0,0,0,0,0,0
1813,35033,NaN,0,0,0,0,0,0
1814,35035,NaN,0,0,0,0,0,0
1815,35037,NaN,0,0,0,0,0,0
1816,35039,NaN,0,0,0,0,0,0
1817,35041,NaN,0,0,0,0,0,0
1818,35043,NaN,6,3,2,0,0,0
1819,35045,NaN,19,15,15,10,7,5
1820,35047,NaN,,,,,,NaN
1821,35049,NaN,0,0,0,0,0,0
1822,35051,NaN,0,0,0,0,0,0
1823,35053,NaN,0,0,0,0,0,0
1824,35055,NaN,6,0,0,0,0,0
1825,35057,NaN,0,0,0,0,0,0
1826,35059,NaN,0,0,0,0,0,0
1827,35061,NaN,5,1,0,0,0,0
1828,36001,NaN,0,0,0,0,0,0
1829,36003,NaN,0,0,0,0,0,0
1830,36005,NaN,127,92,61,40,26,16
1831,36007,NaN,0,0,0,0,0,0
1832,36009,NaN,0,0,0,0,0,0
1833,36011,NaN,0,0,0,0,0,0
1834,36013,NaN,0,0,0,0,0,0
1835,36015,NaN,0,0,0,0,0,0
1836,36017,NaN,0,0,0,0,0,0
1837,36019,NaN,0,0,0,0,0,0
1838,36021,NaN,0,0,0,0,0,0
1839,36023,NaN,0,0,0,0,0,0
1840,36025,NaN,0,0,0,0,0,0
1841,36027,NaN,2,0,0,0,0,0
1842,36029,NaN,15,14,12,7,7,7
1843,36031,NaN,0,0,0,0,0,0
1844,36033,NaN,0,0,0,0,0,0
1845,36035,NaN,0,0,0,0,0,0
1846,36037,NaN,0,0,0,0,0,0
1847,36039,NaN,0,0,0,0,0,0
1848,36041,NaN,0,0,0,0,0,0
1849,36043,NaN,0,0,0,0,0,0
1850,36045,NaN,0,0,0,0,0,0
1851,36047,NaN,387,402,404,392,383,371
1852,36049,NaN,0,0,0,0,0,0
1853,36051,NaN,0,0,0,0,0,0
1854,36053,NaN,0,0,0,0,0,0
1855,36055,NaN,42,30,24,15,11,7
1856,36057,NaN,0,0,0,0,0,0
1857,36059,NaN,133,127,117,101,89,75
1858,36061,NaN,230,246,262,269,268,259
1859,36063,NaN,0,0,0,0,0,0
1860,36065,NaN,7,3,0,0,0,0
1861,36067,NaN,19,13,12,7,6,5
1862,36069,NaN,0,0,0,0,0,0
1863,36071,NaN,23,16,13,7,7,6
1864,36073,NaN,0,0,0,0,0,0
1865,36075,NaN,0,0,0,0,0,0
1866,36077,NaN,0,0,0,0,0,0
1867,36079,NaN,0,0,0,0,0,0
1868,36081,NaN,292,297,280,257,239,205
1869,36083,NaN,0,0,0,0,0,0
1870,36085,NaN,56,46,34,22,14,9
1871,36087,NaN,16,14,13,7,7,7
1872,36089,NaN,0,0,0,0,0,0
1873,36091,NaN,0,0,0,0,0,0
1874,36093,NaN,0,0,0,0,0,0
1875,36095,NaN,,,,,,NaN
1876,36097,NaN,0,0,0,0,0,0
1877,36099,NaN,0,0,0,0,0,0
1878,36101,NaN,0,0,0,0,0,0
1879,36103,NaN,158,146,133,115,96,80
1880,36105,NaN,0,0,0,0,0,0
1881,36107,NaN,0,0,0,0,0,0
1882,36109,NaN,0,0,0,0,0,0
1883,36111,NaN,0,0,0,0,0,0
1884,36113,NaN,0,0,0,0,0,0
1885,36115,NaN,0,0,0,0,0,0
1886,36117,NaN,0,0,0,0,0,0
1887,36119,NaN,77,70,60,50,42,33
1888,36121,NaN,0,0,0,0,0,0
1889,36123,NaN,0,0,0,0,0,0
1890,37001,NaN,20,28,37,48,58,65
1891,37003,NaN,0,0,0,0,0,0
1892,37005,NaN,0,0,0,0,0,0
1893,37007,NaN,0,0,0,0,0,0
1894,37009,NaN,5,0,0,0,0,0
1895,37011,NaN,0,0,0,0,0,0
1896,37013,NaN,7,7,7,7,7,4
1897,37015,NaN,0,0,0,0,0,0
1898,37017,NaN,43,49,54,60,68,65
1899,37019,NaN,0,0,0,0,0,0
1900,37021,NaN,4,0,0,0,0,0
1901,37023,NaN,0,0,0,0,0,0
1902,37025,NaN,79,176,365,704,1158,1620
1903,37027,NaN,0,0,0,0,0,0
1904,37029,NaN,0,0,0,0,0,0
1905,37031,NaN,,,,,,NaN
1906,37033,NaN,0,0,0,0,0,0
1907,37035,NaN,7,7,5,2,2,0
1908,37037,NaN,0,0,0,0,0,0
1909,37039,NaN,,,,,,NaN
1910,37041,NaN,0,0,0,0,0,0
1911,37043,NaN,12,10,7,7,9,7
1912,37045,NaN,0,0,0,0,0,0
1913,37047,NaN,0,0,0,0,0,0
1914,37049,NaN,7,7,6,7,7,7
1915,37051,NaN,101,95,93,88,81,67
1916,37053,NaN,0,0,0,0,0,0
1917,37055,NaN,0,0,0,0,0,0
1918,37057,NaN,7,5,0,0,0,0
1919,37059,NaN,0,0,0,0,0,0
1920,37061,NaN,0,0,0,0,0,0
1921,37063,NaN,76,138,240,402,655,968
1922,37065,NaN,0,0,0,0,0,0
1923,37067,NaN,16,14,12,12,8,7
1924,37069,NaN,0,0,0,0,0,0
1925,37071,NaN,12,3,0,0,0,0
1926,37073,NaN,0,0,0,0,0,0
1927,37075,NaN,0,0,0,0,0,0
1928,37077,NaN,,,,,,NaN
1929,37079,NaN,0,0,0,0,0,0
1930,37081,NaN,134,295,617,1197,2081,3082
1931,37083,NaN,0,0,0,0,0,0
1932,37085,NaN,21,21,21,21,19,14
1933,37087,NaN,0,0,0,0,0,0
1934,37089,NaN,0,0,0,0,0,0
1935,37091,NaN,0,0,0,0,0,0
1936,37093,NaN,0,0,1,0,0,0
1937,37095,NaN,0,0,0,0,0,0
1938,37097,NaN,14,13,7,7,7,7
1939,37099,NaN,0,0,0,0,0,0
1940,37101,NaN,46,40,36,30,25,19
1941,37103,NaN,0,0,0,0,0,0
1942,37105,NaN,0,0,0,0,0,0
1943,37107,NaN,1,0,0,0,0,0
1944,37109,NaN,0,0,0,0,0,0
1945,37111,NaN,0,0,0,0,0,0
1946,37113,NaN,,,,,,NaN
1947,37115,NaN,0,0,0,0,0,0
1948,37117,NaN,0,0,0,0,0,0
1949,37119,NaN,205,212,223,222,214,195
1950,37121,NaN,0,0,0,0,0,0
1951,37123,NaN,0,0,0,0,0,0
1952,37125,NaN,7,9,7,10,9,9
1953,37127,NaN,2,0,0,0,0,0
1954,37129,NaN,3,0,0,0,0,0
1955,37131,NaN,0,0,0,0,0,0
1956,37133,NaN,57,41,35,28,20,14
1957,37135,NaN,0,0,0,0,5,6
1958,37137,NaN,0,0,0,0,0,0
1959,37139,NaN,0,0,0,0,0,0
1960,37141,NaN,0,0,0,0,0,0
1961,37143,NaN,2,0,0,0,0,0
1962,37145,NaN,0,0,0,0,0,0
1963,37147,NaN,29,21,17,13,10,7
1964,37149,NaN,0,0,0,0,0,0
1965,37151,NaN,5,0,0,0,0,0
1966,37153,NaN,0,0,0,0,0,0
1967,37155,NaN,53,63,73,85,93,90
1968,37157,NaN,0,0,0,0,0,0
1969,37159,NaN,27,28,28,28,27,27
1970,37161,NaN,0,0,0,0,0,0
1971,37163,NaN,0,0,0,0,0,0
1972,37165,NaN,0,0,0,0,0,0
1973,37167,NaN,0,0,0,0,0,0
1974,37169,NaN,0,0,0,0,0,0
1975,37171,NaN,0,0,0,0,0,0
1976,37173,NaN,0,0,0,0,0,0
1977,37175,NaN,0,0,0,0,0,0
1978,37177,NaN,0,0,0,0,0,0
1979,37179,NaN,8,14,12,13,9,8
1980,37181,NaN,0,0,0,0,0,0
1981,37183,NaN,164,214,280,342,402,449
1982,37185,NaN,0,0,0,0,0,0
1983,37187,NaN,0,0,0,0,0,0
1984,37189,NaN,24,20,16,13,10,7
1985,37191,NaN,21,21,23,23,22,20
1986,37193,NaN,7,2,0,0,0,0
1987,37195,NaN,0,0,0,0,0,0
1988,37197,NaN,0,0,0,0,0,0
1989,37199,NaN,0,0,0,0,0,0
1990,38001,NaN,0,0,0,0,0,0
1991,38003,NaN,0,0,0,0,0,0
1992,38005,NaN,0,0,0,0,0,0
1993,38007,NaN,0,0,0,0,0,0
1994,38009,NaN,0,0,0,0,0,0
1995,38011,NaN,0,0,0,0,0,0
1996,38013,NaN,0,0,0,0,0,0
1997,38015,NaN,7,6,1,2,0,2
1998,38017,NaN,7,1,0,0,0,0
1999,38019,NaN,0,0,0,0,0,0
2000,38021,NaN,0,0,0,0,0,0
2001,38023,NaN,0,0,0,0,0,0
2002,38025,NaN,0,0,0,0,0,0
2003,38027,NaN,0,0,0,0,0,0
2004,38029,NaN,0,0,0,0,0,0
2005,38031,NaN,0,0,0,0,0,0
2006,38033,NaN,0,0,0,0,0,0
2007,38035,NaN,0,0,0,0,0,0
2008,38037,NaN,0,0,0,0,0,0
2009,38039,NaN,0,0,0,0,0,0
2010,38041,NaN,0,0,0,0,0,0
2011,38043,NaN,0,0,0,0,0,0
2012,38045,NaN,0,0,0,0,0,0
2013,38047,NaN,0,0,0,0,0,0
2014,38049,NaN,0,0,0,0,0,0
2015,38051,NaN,0,0,0,0,0,0
2016,38053,NaN,,,,,,NaN
2017,38055,NaN,0,0,0,0,0,0
2018,38057,NaN,0,0,0,0,0,0
2019,38059,NaN,0,0,0,0,0,0
2020,38061,NaN,0,0,0,0,0,0
2021,38063,NaN,0,0,0,0,0,0
2022,38065,NaN,0,0,0,0,0,0
2023,38067,NaN,0,0,0,0,0,0
2024,38069,NaN,0,0,0,0,0,0
2025,38071,NaN,0,0,0,0,0,0
2026,38073,NaN,0,0,0,0,0,0
2027,38075,NaN,0,0,0,0,0,0
2028,38077,NaN,0,0,0,0,0,0
2029,38079,NaN,0,0,0,0,0,0
2030,38081,NaN,0,0,0,0,0,0
2031,38083,NaN,0,0,0,0,0,0
2032,38085,NaN,0,0,0,0,0,0
2033,38087,NaN,0,0,0,0,0,0
2034,38089,NaN,0,0,0,0,0,0
2035,38091,NaN,0,0,0,0,0,0
2036,38093,NaN,0,0,0,0,0,0
2037,38095,NaN,0,0,0,0,0,0
2038,38097,NaN,0,0,0,0,0,0
2039,38099,NaN,0,0,0,0,0,0
2040,38101,NaN,0,0,0,0,0,0
2041,38103,NaN,0,0,0,0,0,0
2042,38105,NaN,4,0,0,0,0,0
2043,39001,NaN,0,0,0,0,0,0
2044,39003,NaN,2,0,0,0,0,0
2045,39005,NaN,0,0,0,0,0,0
2046,39007,NaN,7,4,0,0,0,0
2047,39009,NaN,0,0,0,0,0,0
2048,39011,NaN,0,0,0,0,0,0
2049,39013,NaN,0,0,0,0,0,0
2050,39015,NaN,0,0,0,0,0,0
2051,39017,NaN,71,61,57,53,50,48
2052,39019,NaN,0,0,0,0,0,0
2053,39021,NaN,0,0,0,0,0,0
2054,39023,NaN,0,0,0,0,0,0
2055,39025,NaN,14,15,17,16,14,14
2056,39027,NaN,0,0,0,0,0,0
2057,39029,NaN,0,0,0,0,0,0
2058,39031,NaN,0,0,0,0,0,0
2059,39033,NaN,0,0,0,0,0,0
2060,39035,NaN,165,171,183,194,194,198
2061,39037,NaN,0,0,0,0,0,0
2062,39039,NaN,0,0,0,0,0,0
2063,39041,NaN,29,20,16,13,11,8
2064,39043,NaN,0,0,0,0,0,0
2065,39045,NaN,6,1,0,0,0,0
2066,39047,NaN,0,0,0,0,0,0
2067,39049,NaN,179,103,55,29,18,9
2068,39051,NaN,0,0,0,0,0,0
2069,39053,NaN,0,0,0,0,0,0
2070,39055,NaN,0,0,0,0,0,0
2071,39057,NaN,7,7,7,7,9,10
2072,39059,NaN,0,0,0,0,0,0
2073,39061,NaN,59,46,37,26,21,15
2074,39063,NaN,0,0,0,0,0,0
2075,39065,NaN,0,0,0,0,0,0
2076,39067,NaN,0,0,0,0,0,0
2077,39069,NaN,0,0,0,0,0,0
2078,39071,NaN,0,0,0,0,0,0
2079,39073,NaN,0,0,0,0,0,0
2080,39075,NaN,0,0,0,0,0,0
2081,39077,NaN,5,3,5,7,6,5
2082,39079,NaN,0,0,0,0,0,0
2083,39081,NaN,0,0,0,0,0,0
2084,39083,NaN,0,0,0,0,0,0
2085,39085,NaN,7,7,4,3,0,0
2086,39087,NaN,6,3,0,0,0,0
2087,39089,NaN,7,7,7,7,7,7
2088,39091,NaN,0,0,0,0,0,0
2089,39093,NaN,19,14,13,8,7,7
2090,39095,NaN,40,41,38,37,33,27
2091,39097,NaN,0,0,0,0,0,0
2092,39099,NaN,13,7,7,6,1,0
2093,39101,NaN,0,0,0,0,0,0
2094,39103,NaN,7,7,7,6,6,5
2095,39105,NaN,0,0,0,0,0,0
2096,39107,NaN,0,0,0,0,0,0
2097,39109,NaN,5,6,2,0,0,0
2098,39111,NaN,0,0,0,0,0,0
2099,39113,NaN,53,49,47,41,37,32
2100,39115,NaN,0,0,0,0,0,0
2101,39117,NaN,0,0,0,0,0,0
2102,39119,NaN,1,1,6,3,7,7
2103,39121,NaN,0,0,0,0,0,0
2104,39123,NaN,0,0,0,0,0,0
2105,39125,NaN,0,0,0,0,0,0
2106,39127,NaN,0,0,0,0,0,0
2107,39129,NaN,0,0,0,0,0,0
2108,39131,NaN,0,0,0,0,0,0
2109,39133,NaN,0,0,0,0,0,0
2110,39135,NaN,0,0,0,0,0,0
2111,39137,NaN,0,0,0,0,0,0
2112,39139,NaN,0,0,0,0,0,0
2113,39141,NaN,0,0,0,0,0,0
2114,39143,NaN,0,0,0,0,0,0
2115,39145,NaN,0,0,0,0,0,0
2116,39147,NaN,0,0,0,0,0,0
2117,39149,NaN,0,0,0,0,0,0
2118,39151,NaN,54,66,77,88,101,106
2119,39153,NaN,42,35,28,21,16,14
2120,39155,NaN,9,7,7,6,2,1
2121,39157,NaN,6,0,0,0,0,0
2122,39159,NaN,0,0,0,0,0,0
2123,39161,NaN,,,,,,NaN
2124,39163,NaN,0,0,0,0,0,0
2125,39165,NaN,14,14,14,14,12,13
2126,39167,NaN,0,0,0,0,0,0
2127,39169,NaN,7,7,7,3,1,0
2128,39171,NaN,0,0,0,0,0,0
2129,39173,NaN,0,0,0,0,0,0
2130,39175,NaN,0,0,0,0,0,0
2131,40001,NaN,,,,,,NaN
2132,40003,NaN,0,0,0,0,0,0
2133,40005,NaN,0,0,0,0,0,0
2134,40007,NaN,0,0,0,0,0,0
2135,40009,NaN,0,0,0,0,0,0
2136,40011,NaN,0,0,0,0,0,0
2137,40013,NaN,25,18,11,7,6,0
2138,40015,NaN,,,,,,NaN
2139,40017,NaN,9,7,7,7,6,5
2140,40019,NaN,7,7,7,7,7,7
2141,40021,NaN,0,0,0,0,0,0
2142,40023,NaN,,,,,,NaN
2143,40025,NaN,0,0,0,0,0,0
2144,40027,NaN,26,39,47,58,68,85
2145,40029,NaN,0,0,0,0,0,0
2146,40031,NaN,207,263,334,404,468,509
2147,40033,NaN,0,0,0,0,0,0
2148,40035,NaN,,,,,,NaN
2149,40037,NaN,20,21,22,24,25,30
2150,40039,NaN,0,0,0,0,0,0
2151,40041,NaN,7,7,7,7,7,7
2152,40043,NaN,0,0,0,0,0,0
2153,40045,NaN,0,0,0,0,0,0
2154,40047,NaN,,,,,,NaN
2155,40049,NaN,,,,,,NaN
2156,40051,NaN,0,0,0,0,0,0
2157,40053,NaN,0,0,0,0,0,0
2158,40055,NaN,0,0,0,0,0,0
2159,40057,NaN,0,0,0,0,0,0
2160,40059,NaN,0,0,0,0,0,0
2161,40061,NaN,0,0,0,0,0,0
2162,40063,NaN,0,0,0,0,0,0
2163,40065,NaN,0,0,0,0,0,0
2164,40067,NaN,0,0,0,0,0,0
2165,40069,NaN,0,0,0,0,0,0
2166,40071,NaN,0,0,0,0,0,0
2167,40073,NaN,0,0,0,0,0,0
2168,40075,NaN,0,0,0,0,0,0
2169,40077,NaN,0,0,0,0,0,0
2170,40079,NaN,0,0,0,0,0,0
2171,40081,NaN,0,0,0,0,0,0
2172,40083,NaN,0,0,0,0,0,0
2173,40085,NaN,,,,,,NaN
2174,40087,NaN,0,0,0,0,0,0
2175,40089,NaN,0,0,0,0,0,0
2176,40091,NaN,,,,,,NaN
2177,40093,NaN,0,0,0,0,0,0
2178,40095,NaN,,,,,,NaN
2179,40097,NaN,2,3,2,5,6,4
2180,40099,NaN,,,,,,NaN
2181,40101,NaN,7,10,13,15,17,20
2182,40103,NaN,0,0,0,0,0,0
2183,40105,NaN,,,,,,NaN
2184,40107,NaN,0,0,0,0,0,0
2185,40109,NaN,83,87,82,82,81,79
2186,40111,NaN,7,10,14,14,13,15
2187,40113,NaN,0,0,0,0,0,0
2188,40115,NaN,25,36,45,52,53,60
2189,40117,NaN,0,0,0,0,0,0
2190,40119,NaN,0,0,0,0,0,0
2191,40121,NaN,,,,,,NaN
2192,40123,NaN,0,0,0,0,0,0
2193,40125,NaN,0,0,0,0,0,0
2194,40127,NaN,0,0,0,0,0,0
2195,40129,NaN,0,0,0,0,0,0
2196,40131,NaN,29,32,38,41,46,52
2197,40133,NaN,0,0,0,0,0,0
2198,40135,NaN,0,0,0,0,0,0
2199,40137,NaN,0,0,0,0,0,0
2200,40139,NaN,0,0,0,0,0,0
2201,40141,NaN,0,0,0,0,0,0
2202,40143,NaN,322,361,399,431,452,489
2203,40145,NaN,20,19,20,15,17,15
2204,40147,NaN,0,0,0,0,0,1
2205,40149,NaN,0,0,0,0,0,0
2206,40151,NaN,0,0,0,0,0,0
2207,40153,NaN,0,0,0,0,0,0
2208,41001,NaN,0,0,0,0,0,0
2209,41003,NaN,0,0,0,0,0,0
2210,41005,NaN,76,50,31,20,12,7
2211,41007,NaN,0,0,0,0,0,0
2212,41009,NaN,6,4,0,0,0,0
2213,41011,NaN,0,0,0,0,0,0
2214,41013,NaN,0,0,0,0,0,0
2215,41015,NaN,0,0,0,0,0,0
2216,41017,NaN,42,32,28,19,14,12
2217,41019,NaN,47,35,24,19,15,11
2218,41021,NaN,0,0,0,0,0,0
2219,41023,NaN,0,0,0,0,0,0
2220,41025,NaN,0,0,0,0,0,0
2221,41027,NaN,0,0,0,0,0,0
2222,41029,NaN,60,52,46,35,30,25
2223,41031,NaN,0,0,0,0,0,0
2224,41033,NaN,33,33,29,28,24,21
2225,41035,NaN,0,0,0,0,0,0
2226,41037,NaN,0,0,0,0,0,0
2227,41039,NaN,89,85,75,67,60,52
2228,41041,NaN,10,5,0,0,0,0
2229,41043,NaN,85,89,91,93,90,86
2230,41045,NaN,0,0,0,0,0,0
2231,41047,NaN,101,70,46,29,20,13
2232,41049,NaN,,,,,,NaN
2233,41051,NaN,110,72,45,26,16,9
2234,41053,NaN,30,35,33,35,35,36
2235,41055,NaN,0,0,0,0,0,0
2236,41057,NaN,,,,,,NaN
2237,41059,NaN,39,33,27,21,16,14
2238,41061,NaN,0,0,0,0,0,0
2239,41063,NaN,0,0,0,0,0,0
2240,41065,NaN,0,0,0,0,0,0
2241,41067,NaN,70,48,31,23,13,9
2242,41069,NaN,0,0,0,0,0,0
2243,41071,NaN,7,6,0,0,0,0
2244,42001,NaN,4,0,0,0,0,0
2245,42003,NaN,67,59,48,39,34,27
2246,42005,NaN,0,0,0,0,0,0
2247,42007,NaN,0,0,0,0,0,0
2248,42009,NaN,0,0,0,0,0,0
2249,42011,NaN,28,16,8,5,0,0
2250,42013,NaN,0,0,0,0,0,0
2251,42015,NaN,0,0,0,0,0,0
2252,42017,NaN,14,7,7,6,1,1
2253,42019,NaN,7,3,0,0,0,0
2254,42021,NaN,8,1,0,0,0,0
2255,42023,NaN,0,0,0,0,0,0
2256,42025,NaN,0,0,0,0,0,0
2257,42027,NaN,0,0,0,0,0,0
2258,42029,NaN,0,0,0,0,0,0
2259,42031,NaN,0,0,0,0,0,0
2260,42033,NaN,0,0,0,0,0,0
2261,42035,NaN,0,0,0,0,0,0
2262,42037,NaN,0,0,0,0,0,0
2263,42039,NaN,0,0,0,0,0,0
2264,42041,NaN,3,0,0,0,0,0
2265,42043,NaN,7,5,0,0,0,0
2266,42045,NaN,15,13,8,7,7,3
2267,42047,NaN,0,0,0,0,0,0
2268,42049,NaN,3,0,0,0,0,0
2269,42051,NaN,9,7,7,3,0,0
2270,42053,NaN,0,0,0,0,0,0
2271,42055,NaN,8,7,0,0,0,0
2272,42057,NaN,0,0,0,0,0,0
2273,42059,NaN,0,0,0,0,0,0
2274,42061,NaN,0,0,0,0,0,0
2275,42063,NaN,0,0,0,0,0,0
2276,42065,NaN,0,0,0,0,0,0
2277,42067,NaN,0,0,0,0,0,0
2278,42069,NaN,7,4,0,0,0,0
2279,42071,NaN,15,12,7,7,3,0
2280,42073,NaN,7,6,1,0,0,0
2281,42075,NaN,0,0,0,0,0,0
2282,42077,NaN,9,4,0,0,0,0
2283,42079,NaN,20,15,9,6,5,2
2284,42081,NaN,0,0,0,0,0,0
2285,42083,NaN,0,0,0,0,0,0
2286,42085,NaN,0,0,0,0,0,0
2287,42087,NaN,0,0,0,0,0,0
2288,42089,NaN,0,0,0,0,0,0
2289,42091,NaN,9,5,0,0,0,0
2290,42093,NaN,0,0,0,0,0,0
2291,42095,NaN,6,0,0,0,0,0
2292,42097,NaN,0,0,0,0,0,0
2293,42099,NaN,0,0,0,0,0,0
2294,42101,NaN,293,371,444,507,563,609
2295,42103,NaN,0,0,0,0,0,0
2296,42105,NaN,0,0,0,0,0,0
2297,42107,NaN,0,0,0,0,0,0
2298,42109,NaN,7,7,3,1,0,0
2299,42111,NaN,0,0,0,0,0,0
2300,42113,NaN,0,0,0,0,0,0
2301,42115,NaN,0,0,0,0,0,0
2302,42117,NaN,0,0,0,0,0,0
2303,42119,NaN,0,0,0,0,0,0
2304,42121,NaN,0,0,0,0,0,0
2305,42123,NaN,0,0,0,0,0,0
2306,42125,NaN,0,0,0,0,0,0
2307,42127,NaN,0,0,0,0,0,0
2308,42129,NaN,7,4,0,0,0,0
2309,42131,NaN,0,0,0,0,0,0
2310,42133,NaN,25,14,7,3,1,0
2311,44001,NaN,0,0,0,0,0,0
2312,44003,NaN,1,0,0,0,0,0
2313,44005,NaN,2,0,0,0,0,0
2314,44007,NaN,48,34,23,14,7,6
2315,44009,NaN,7,4,1,0,0,0
2316,45001,NaN,0,0,0,0,0,0
2317,45003,NaN,0,0,0,0,0,0
2318,45005,NaN,0,0,0,0,0,0
2319,45007,NaN,0,0,0,0,0,0
2320,45009,NaN,0,0,0,0,0,0
2321,45011,NaN,0,0,0,0,0,0
2322,45013,NaN,7,6,5,3,3,2
2323,45015,NaN,0,0,0,0,0,0
2324,45017,NaN,0,0,0,0,0,0
2325,45019,NaN,0,0,0,0,0,0
2326,45021,NaN,7,7,7,7,7,7
2327,45023,NaN,0,0,0,0,0,0
2328,45025,NaN,0,0,0,0,0,0
2329,45027,NaN,0,0,0,0,0,0
2330,45029,NaN,0,0,0,0,0,0
2331,45031,NaN,0,0,0,0,0,0
2332,45033,NaN,0,0,0,0,0,0
2333,45035,NaN,20,21,21,18,15,14
2334,45037,NaN,0,0,0,0,0,0
2335,45039,NaN,0,0,0,0,0,0
2336,45041,NaN,7,6,7,7,6,7
2337,45043,NaN,0,0,0,0,0,0
2338,45045,NaN,56,45,33,24,21,15
2339,45047,NaN,0,0,0,0,0,0
2340,45049,NaN,0,0,0,0,0,0
2341,45051,NaN,45,40,35,30,23,21
2342,45053,NaN,0,0,0,0,0,0
2343,45055,NaN,0,0,0,0,0,0
2344,45057,NaN,0,0,0,0,0,0
2345,45059,NaN,0,0,0,0,0,0
2346,45061,NaN,0,0,0,0,0,0
2347,45063,NaN,0,0,0,0,0,0
2348,45065,NaN,0,0,0,0,0,0
2349,45067,NaN,9,7,7,7,5,0
2350,45069,NaN,,,,,,NaN
2351,45071,NaN,0,0,0,0,0,0
2352,45073,NaN,4,0,0,0,0,0
2353,45075,NaN,0,0,0,0,0,0
2354,45077,NaN,0,0,0,0,0,0
2355,45079,NaN,18,15,11,7,7,5
2356,45081,NaN,0,0,0,0,0,0
2357,45083,NaN,40,37,40,37,35,31
2358,45085,NaN,7,7,6,7,7,4
2359,45087,NaN,,,,,,NaN
2360,45089,NaN,0,0,0,0,0,0
2361,45091,NaN,0,0,0,0,0,0
2362,46003,NaN,0,0,0,0,0,0
2363,46005,NaN,0,0,0,0,0,0
2364,46007,NaN,0,0,0,0,0,0
2365,46009,NaN,0,0,0,0,0,0
2366,46011,NaN,0,0,0,0,0,0
2367,46013,NaN,0,0,0,0,0,0
2368,46015,NaN,0,0,0,0,0,0
2369,46017,NaN,0,0,0,0,0,0
2370,46019,NaN,0,0,0,0,0,0
2371,46021,NaN,0,0,0,0,0,0
2372,46023,NaN,,,,,,NaN
2373,46025,NaN,0,0,0,0,0,0
2374,46027,NaN,0,0,0,0,0,0
2375,46029,NaN,0,0,0,0,0,0
2376,46031,NaN,0,0,0,0,0,0
2377,46033,NaN,0,0,0,0,0,0
2378,46035,NaN,0,0,0,0,0,0
2379,46037,NaN,0,0,0,0,0,0
2380,46039,NaN,0,0,0,0,0,0
2381,46041,NaN,0,0,0,0,0,0
2382,46043,NaN,0,0,0,0,0,0
2383,46045,NaN,0,0,0,0,0,0
2384,46047,NaN,0,0,0,0,0,0
2385,46049,NaN,0,0,0,0,0,0
2386,46051,NaN,0,0,0,0,0,0
2387,46053,NaN,0,0,0,0,0,0
2388,46055,NaN,0,0,0,0,0,0
2389,46057,NaN,0,0,0,0,0,0
2390,46059,NaN,0,0,0,0,0,0
2391,46061,NaN,0,0,0,0,0,0
2392,46063,NaN,0,0,0,0,0,0
2393,46065,NaN,0,0,0,0,0,0
2394,46067,NaN,0,0,0,0,0,0
2395,46069,NaN,0,0,0,0,0,0
2396,46071,NaN,0,0,0,0,0,0
2397,46073,NaN,0,0,0,0,0,0
2398,46075,NaN,0,0,0,0,0,0
2399,46077,NaN,0,0,0,0,0,0
2400,46079,NaN,0,0,0,0,0,0
2401,46081,NaN,,,,,,NaN
2402,46083,NaN,0,0,0,0,0,0
2403,46085,NaN,0,0,0,0,0,0
2404,46087,NaN,0,0,0,0,0,0
2405,46089,NaN,0,0,0,0,0,0
2406,46091,NaN,0,0,0,0,0,0
2407,46093,NaN,0,0,0,0,0,0
2408,46095,NaN,0,0,0,0,0,0
2409,46097,NaN,0,0,0,0,0,0
2410,46099,NaN,0,0,0,0,0,0
2411,46101,NaN,0,0,0,0,0,0
2412,46102,NaN,0,0,0,0,0,0
2413,46103,NaN,7,7,7,7,6,5
2414,46105,NaN,0,0,0,0,0,0
2415,46107,NaN,0,0,0,0,0,0
2416,46109,NaN,0,0,0,0,0,0
2417,46111,NaN,0,0,0,0,0,0
2418,46115,NaN,0,0,0,0,0,0
2419,46117,NaN,0,0,0,0,0,0
2420,46119,NaN,0,0,0,0,0,0
2421,46121,NaN,0,0,0,0,0,0
2422,46123,NaN,0,0,0,0,0,0
2423,46125,NaN,0,0,0,0,0,0
2424,46127,NaN,0,0,0,0,0,0
2425,46129,NaN,0,0,0,0,0,0
2426,46135,NaN,0,0,0,0,0,0
2427,46137,NaN,0,0,0,0,0,0
2428,47001,NaN,0,0,0,0,0,0
2429,47003,NaN,,,,,,NaN
2430,47005,NaN,0,0,0,0,0,0
2431,47007,NaN,0,0,0,0,0,0
2432,47009,NaN,0,0,0,0,0,0
2433,47011,NaN,0,0,0,0,0,0
2434,47013,NaN,0,0,0,0,0,0
2435,47015,NaN,0,0,0,0,0,0
2436,47017,NaN,0,0,0,0,0,0
2437,47019,NaN,18,14,14,14,16,21
2438,47021,NaN,0,0,0,0,0,0
2439,47023,NaN,0,0,1,6,10,14
2440,47025,NaN,0,0,0,0,0,0
2441,47027,NaN,0,0,0,0,0,0
2442,47029,NaN,0,0,0,0,0,0
2443,47031,NaN,0,0,0,0,0,0
2444,47033,NaN,0,0,0,0,0,0
2445,47035,NaN,0,0,0,0,0,0
2446,47037,NaN,1,0,0,0,0,0
2447,47039,NaN,0,0,0,0,0,0
2448,47041,NaN,2,0,0,0,0,0
2449,47043,NaN,0,0,0,0,0,0
2450,47045,NaN,0,0,0,0,0,0
2451,47047,NaN,0,0,0,0,0,0
2452,47049,NaN,5,0,0,0,0,0
2453,47051,NaN,0,0,0,0,0,0
2454,47053,NaN,0,0,0,0,0,0
2455,47055,NaN,0,0,0,0,0,0
2456,47057,NaN,0,0,0,0,0,0
2457,47059,NaN,0,1,0,0,0,0
2458,47061,NaN,0,0,0,0,0,0
2459,47063,NaN,0,0,0,0,0,0
2460,47065,NaN,57,56,62,61,62,62
2461,47067,NaN,1,0,0,0,0,0
2462,47069,NaN,0,0,0,0,0,0
2463,47071,NaN,0,0,0,0,0,0
2464,47073,NaN,0,0,0,0,0,0
2465,47075,NaN,0,0,0,0,0,0
2466,47077,NaN,0,0,0,0,0,0
2467,47079,NaN,0,0,0,0,0,0
2468,47081,NaN,0,0,0,0,0,0
2469,47083,NaN,0,0,0,0,0,0
2470,47085,NaN,0,0,0,0,0,0
2471,47087,NaN,0,0,0,0,0,0
2472,47089,NaN,0,0,0,0,0,0
2473,47091,NaN,0,0,0,0,0,0
2474,47093,NaN,8,2,0,0,0,0
2475,47095,NaN,0,0,0,0,0,0
2476,47097,NaN,0,0,0,0,0,0
2477,47099,NaN,1,0,0,0,0,0
2478,47101,NaN,1,0,0,0,0,0
2479,47103,NaN,,,,,,NaN
2480,47105,NaN,0,0,0,0,0,0
2481,47107,NaN,0,0,0,0,0,0
2482,47109,NaN,0,0,0,0,0,0
2483,47111,NaN,0,0,0,0,0,0
2484,47113,NaN,0,0,0,0,0,0
2485,47115,NaN,0,0,0,0,0,0
2486,47117,NaN,0,0,0,0,0,0
2487,47119,NaN,0,0,0,0,0,0
2488,47121,NaN,0,0,0,0,0,0
2489,47123,NaN,1,0,0,0,0,0
2490,47125,NaN,57,57,59,68,72,77
2491,47127,NaN,0,0,0,0,0,0
2492,47129,NaN,0,0,0,0,0,0
2493,47131,NaN,0,0,0,0,0,0
2494,47133,NaN,0,0,0,0,0,0
2495,47135,NaN,0,0,0,0,0,0
2496,47137,NaN,0,0,0,0,0,0
2497,47139,NaN,0,0,0,0,0,0
2498,47141,NaN,0,0,0,0,0,0
2499,47143,NaN,0,0,0,0,0,0
2500,47145,NaN,0,0,0,0,0,0
2501,47147,NaN,5,0,0,0,0,0
2502,47149,NaN,0,0,0,0,0,0
2503,47151,NaN,0,0,0,0,0,0
2504,47153,NaN,0,0,0,0,0,0
2505,47155,NaN,1,0,1,1,1,1
2506,47157,NaN,210,245,282,313,357,366
2507,47159,NaN,0,0,0,0,0,0
2508,47161,NaN,0,0,0,0,0,0
2509,47163,NaN,0,0,0,0,0,0
2510,47165,NaN,0,0,0,0,0,0
2511,47167,NaN,0,0,0,0,0,0
2512,47169,NaN,0,0,0,0,0,0
2513,47171,NaN,0,0,0,0,0,0
2514,47173,NaN,0,0,0,0,0,0
2515,47175,NaN,0,0,0,0,0,0
2516,47177,NaN,0,0,0,0,0,0
2517,47179,NaN,0,0,0,0,0,0
2518,47181,NaN,0,0,0,0,0,0
2519,47183,NaN,0,0,0,0,0,0
2520,47185,NaN,0,0,0,0,0,0
2521,47187,NaN,7,8,7,7,7,7
2522,47189,NaN,0,0,0,0,0,0
2523,48001,NaN,1,3,4,4,2,3
2524,48003,NaN,0,0,0,0,0,0
2525,48005,NaN,0,0,0,0,0,0
2526,48007,NaN,17,14,15,14,14,14
2527,48009,NaN,0,0,0,0,0,0
2528,48011,NaN,0,0,0,0,0,0
2529,48013,NaN,0,0,0,0,0,0
2530,48015,NaN,0,0,0,0,0,0
2531,48017,NaN,0,0,0,0,0,0
2532,48019,NaN,2,0,0,0,0,0
2533,48021,NaN,35,41,44,46,47,50
2534,48023,NaN,0,0,0,0,0,0
2535,48025,NaN,0,0,0,0,0,0
2536,48027,NaN,97,120,146,182,223,260
2537,48029,NaN,1895,5045,12139,24585,39008,43609
2538,48031,NaN,0,0,0,0,0,0
2539,48033,NaN,0,0,0,0,0,0
2540,48035,NaN,0,0,0,0,0,0
2541,48037,NaN,369,644,1008,1337,1457,1338
2542,48039,NaN,209,308,437,608,801,1017
2543,48041,NaN,80,76,77,67,62,57
2544,48043,NaN,0,0,0,0,0,0
2545,48045,NaN,0,0,0,0,0,0
2546,48047,NaN,0,0,0,0,0,0
2547,48049,NaN,,,,,,NaN
2548,48051,NaN,0,0,0,0,0,0
2549,48053,NaN,6,7,7,8,8,11
2550,48055,NaN,0,0,0,0,0,0
2551,48057,NaN,0,0,0,0,0,0
2552,48059,NaN,0,0,0,0,0,0
2553,48061,NaN,253,222,199,170,140,125
2554,48063,NaN,,,,,,NaN
2555,48065,NaN,0,0,0,0,0,0
2556,48067,NaN,1,3,4,7,6,7
2557,48069,NaN,0,0,0,0,0,0
2558,48071,NaN,8,7,7,7,6,4
2559,48073,NaN,0,0,0,0,0,0
2560,48075,NaN,0,0,0,0,0,0
2561,48077,NaN,0,0,0,0,0,0
2562,48079,NaN,0,0,0,0,0,0
2563,48081,NaN,0,0,0,0,0,0
2564,48083,NaN,0,0,0,0,0,0
2565,48085,NaN,0,3,5,5,3,1
2566,48087,NaN,0,0,0,0,0,0
2567,48089,NaN,0,0,0,0,0,0
2568,48091,NaN,132,145,159,172,181,184
2569,48093,NaN,0,0,0,0,0,0
2570,48095,NaN,3,0,0,0,0,0
2571,48097,NaN,0,0,0,0,0,0
2572,48099,NaN,0,0,0,0,0,0
2573,48101,NaN,0,0,0,0,0,0
2574,48103,NaN,0,0,0,0,0,0
2575,48105,NaN,0,0,0,0,0,0
2576,48107,NaN,0,0,0,0,0,0
2577,48109,NaN,0,0,0,0,0,0
2578,48111,NaN,0,0,0,0,0,0
2579,48113,NaN,387,248,162,100,63,44
2580,48115,NaN,0,0,0,0,0,0
2581,48117,NaN,0,0,0,0,0,0
2582,48119,NaN,10,6,0,0,0,0
2583,48121,NaN,145,117,95,75,59,46
2584,48123,NaN,1,0,0,0,0,0
2585,48125,NaN,0,0,0,0,0,0
2586,48127,NaN,0,0,0,0,0,0
2587,48129,NaN,0,0,0,0,0,0
2588,48131,NaN,0,0,0,0,0,0
2589,48133,NaN,0,0,0,0,0,0
2590,48135,NaN,35,48,60,77,85,100
2591,48137,NaN,0,0,0,0,0,0
2592,48139,NaN,14,7,7,7,5,1
2593,48141,NaN,99,115,137,144,153,161
2594,48143,NaN,0,0,0,0,0,0
2595,48145,NaN,0,0,0,0,0,0
2596,48147,NaN,0,0,0,0,0,0
2597,48149,NaN,0,0,0,0,0,0
2598,48151,NaN,0,0,0,0,0,0
2599,48153,NaN,0,0,0,0,0,0
2600,48155,NaN,0,0,0,0,0,0
2601,48157,NaN,152,104,70,44,30,21
2602,48159,NaN,10,8,3,0,0,0
2603,48161,NaN,0,0,0,0,0,0
2604,48163,NaN,0,0,0,0,0,0
2605,48165,NaN,,,,,,NaN
2606,48167,NaN,144,166,180,192,197,199
2607,48169,NaN,0,0,0,0,0,0
2608,48171,NaN,0,0,0,0,0,0
2609,48173,NaN,0,0,0,0,0,0
2610,48175,NaN,0,0,0,0,0,0
2611,48177,NaN,0,0,0,0,0,0
2612,48179,NaN,0,3,0,0,0,1
2613,48181,NaN,0,0,0,0,0,0
2614,48183,NaN,47,83,135,213,341,517
2615,48185,NaN,0,0,1,0,0,1
2616,48187,NaN,133,175,231,278,352,414
2617,48189,NaN,0,0,0,0,0,0
2618,48191,NaN,0,0,0,0,0,0
2619,48193,NaN,,,,,,NaN
2620,48195,NaN,0,0,0,0,0,0
2621,48197,NaN,0,0,0,0,0,0
2622,48199,NaN,0,0,0,0,0,0
2623,48201,NaN,60,19,6,0,0,0
2624,48203,NaN,7,9,14,14,20,21
2625,48205,NaN,0,0,0,0,0,0
2626,48207,NaN,0,0,0,0,0,0
2627,48209,NaN,52,66,77,90,99,111
2628,48211,NaN,0,0,0,0,0,0
2629,48213,NaN,6,7,7,6,7,6
2630,48215,NaN,609,772,936,1118,1275,1430
2631,48217,NaN,0,0,0,0,0,0
2632,48219,NaN,0,0,0,0,0,0
2633,48221,NaN,6,5,7,7,7,7
2634,48223,NaN,39,53,63,70,74,76
2635,48225,NaN,0,0,0,0,0,0
2636,48227,NaN,0,0,0,0,0,0
2637,48229,NaN,0,0,0,0,0,0
2638,48231,NaN,12,15,16,20,20,22
2639,48233,NaN,2,0,1,0,0,0
2640,48235,NaN,0,0,0,0,0,0
2641,48237,NaN,0,0,0,0,0,0
2642,48239,NaN,0,0,0,0,0,0
2643,48241,NaN,0,0,0,0,0,0
2644,48243,NaN,0,0,0,0,0,0
2645,48245,NaN,13,19,22,26,30,29
2646,48247,NaN,0,0,0,0,0,0
2647,48249,NaN,7,7,7,7,7,7
2648,48251,NaN,38,46,54,64,77,78
2649,48253,NaN,0,0,0,0,0,0
2650,48255,NaN,13,13,13,12,10,7
2651,48257,NaN,44,51,62,71,79,83
2652,48259,NaN,0,0,0,0,0,0
2653,48261,NaN,0,0,0,0,0,0
2654,48263,NaN,0,0,0,0,0,0
2655,48265,NaN,7,7,7,7,7,7
2656,48267,NaN,0,0,0,0,0,0
2657,48269,NaN,0,0,0,0,0,0
2658,48271,NaN,0,0,0,0,0,0
2659,48273,NaN,0,0,0,0,0,0
2660,48275,NaN,0,0,0,0,0,0
2661,48277,NaN,0,0,3,2,1,1
2662,48279,NaN,0,0,0,0,0,0
2663,48281,NaN,0,0,0,0,0,0
2664,48283,NaN,0,0,0,0,0,0
2665,48285,NaN,0,0,0,0,0,0
2666,48287,NaN,,,,,,NaN
2667,48289,NaN,0,0,0,0,0,0
2668,48291,NaN,35,46,53,58,67,67
2669,48293,NaN,0,0,0,0,0,0
2670,48295,NaN,0,0,0,0,0,0
2671,48297,NaN,0,0,0,0,0,0
2672,48299,NaN,0,0,0,0,0,0
2673,48301,NaN,0,0,0,0,0,0
2674,48303,NaN,9,11,8,7,7,6
2675,48305,NaN,0,0,0,0,0,0
2676,48307,NaN,0,0,0,0,0,0
2677,48309,NaN,10,1,0,0,0,0
2678,48311,NaN,0,0,0,0,0,0
2679,48313,NaN,0,0,0,0,0,0
2680,48315,NaN,0,0,0,0,0,0
2681,48317,NaN,0,0,0,0,0,0
2682,48319,NaN,0,0,0,0,0,0
2683,48321,NaN,0,0,0,0,0,0
2684,48323,NaN,0,0,0,0,0,0
2685,48325,NaN,0,0,8,18,32,39
2686,48327,NaN,0,0,0,0,0,0
2687,48329,NaN,14,11,10,7,8,7
2688,48331,NaN,0,0,0,0,0,0
2689,48333,NaN,0,0,0,0,0,0
2690,48335,NaN,0,0,0,0,0,0
2691,48337,NaN,0,0,0,0,0,0
2692,48339,NaN,149,125,105,87,72,57
2693,48341,NaN,0,0,0,0,0,0
2694,48343,NaN,14,14,10,9,7,7
2695,48345,NaN,0,0,0,0,0,0
2696,48347,NaN,16,20,27,31,35,42
2697,48349,NaN,0,0,0,0,0,0
2698,48351,NaN,0,0,0,0,0,0
2699,48353,NaN,0,0,0,0,0,0
2700,48355,NaN,177,152,129,112,93,76
2701,48357,NaN,0,0,0,0,0,0
2702,48359,NaN,0,0,0,0,0,0
2703,48361,NaN,14,13,11,9,8,8
2704,48363,NaN,0,0,0,0,0,0
2705,48365,NaN,0,0,0,0,0,0
2706,48367,NaN,90,158,243,376,537,745
2707,48369,NaN,0,0,0,0,0,0
2708,48371,NaN,0,0,0,0,0,0
2709,48373,NaN,0,0,0,0,0,0
2710,48375,NaN,7,7,7,5,3,1
2711,48377,NaN,0,0,0,0,0,0
2712,48379,NaN,,,,,,NaN
2713,48381,NaN,11,13,14,13,11,7
2714,48383,NaN,0,0,0,0,0,0
2715,48385,NaN,0,0,0,0,0,0
2716,48387,NaN,,,,,,NaN
2717,48389,NaN,,,,,,NaN
2718,48391,NaN,0,0,0,0,0,0
2719,48393,NaN,0,0,0,0,0,0
2720,48395,NaN,0,0,0,0,0,0
2721,48397,NaN,27,25,27,26,28,25
2722,48399,NaN,0,0,0,0,0,0
2723,48401,NaN,0,0,0,0,0,0
2724,48403,NaN,0,0,0,0,0,0
2725,48405,NaN,0,0,0,0,0,0
2726,48407,NaN,0,0,0,0,0,0
2727,48409,NaN,14,15,14,14,15,15
2728,48411,NaN,0,0,0,0,0,0
2729,48413,NaN,0,0,0,0,0,0
2730,48415,NaN,0,0,0,0,0,0
2731,48417,NaN,0,0,0,0,0,0
2732,48419,NaN,90,79,64,46,33,22
2733,48421,NaN,0,0,0,0,0,0
2734,48423,NaN,53,62,67,72,78,78
2735,48425,NaN,0,0,0,0,0,0
2736,48427,NaN,6,0,0,0,0,0
2737,48429,NaN,0,0,0,0,0,0
2738,48431,NaN,0,0,0,0,0,0
2739,48433,NaN,0,0,0,0,0,0
2740,48435,NaN,0,0,0,0,0,0
2741,48437,NaN,0,0,0,0,0,0
2742,48439,NaN,657,514,410,321,254,198
2743,48441,NaN,8,13,14,14,14,14
2744,48443,NaN,0,0,0,0,0,0
2745,48445,NaN,0,0,0,0,0,0
2746,48447,NaN,0,0,0,0,0,0
2747,48449,NaN,0,0,0,0,0,0
2748,48451,NaN,0,0,0,0,0,0
2749,48453,NaN,345,628,1082,1804,2892,4390
2750,48455,NaN,0,0,0,0,0,0
2751,48457,NaN,0,0,0,0,0,0
2752,48459,NaN,0,0,0,0,0,0
2753,48461,NaN,0,0,0,0,0,0
2754,48463,NaN,11,7,3,0,0,0
2755,48465,NaN,0,0,0,0,0,0
2756,48467,NaN,8,10,14,12,14,13
2757,48469,NaN,7,4,1,0,0,0
2758,48471,NaN,0,0,0,0,0,0
2759,48473,NaN,9,10,11,11,13,10
2760,48475,NaN,0,0,0,0,0,0
2761,48477,NaN,7,6,3,1,1,0
2762,48479,NaN,45,65,82,98,111,136
2763,48481,NaN,1,0,1,2,0,0
2764,48483,NaN,0,0,0,0,0,0
2765,48485,NaN,11,13,14,14,14,14
2766,48487,NaN,0,0,0,0,0,0
2767,48489,NaN,0,0,0,0,0,0
2768,48491,NaN,177,370,723,1332,2332,3776
2769,48493,NaN,1,0,2,3,6,7
2770,48495,NaN,0,0,0,0,0,0
2771,48497,NaN,32,40,46,48,55,59
2772,48499,NaN,0,0,2,6,5,5
2773,48501,NaN,0,0,0,0,0,0
2774,48503,NaN,0,0,0,0,0,0
2775,48505,NaN,0,0,0,0,0,0
2776,48507,NaN,5,0,0,0,0,0
2777,49001,NaN,0,0,0,0,0,0
2778,49003,NaN,0,0,0,0,0,0
2779,49005,NaN,0,0,0,0,0,0
2780,49007,NaN,0,0,0,0,0,0
2781,49009,NaN,0,0,0,0,0,0
2782,49011,NaN,287,258,241,220,201,181
2783,49013,NaN,0,0,0,0,0,0
2784,49015,NaN,0,0,0,0,0,0
2785,49017,NaN,0,0,0,0,0,0
2786,49019,NaN,0,0,0,0,0,0
2787,49021,NaN,0,0,0,0,0,0
2788,49023,NaN,0,0,0,0,0,0
2789,49025,NaN,0,0,0,0,0,0
2790,49027,NaN,0,0,0,0,0,0
2791,49029,NaN,0,0,0,0,0,0
2792,49031,NaN,0,0,0,0,0,0
2793,49033,NaN,0,0,0,0,0,0
2794,49035,NaN,800,808,788,766,708,682
2795,49037,NaN,0,0,0,0,0,0
2796,49039,NaN,0,0,0,0,0,0
2797,49041,NaN,0,0,0,0,0,0
2798,49043,NaN,5,0,0,0,0,0
2799,49045,NaN,12,8,7,7,4,1
2800,49047,NaN,0,0,0,0,0,0
2801,49049,NaN,517,555,579,584,561,531
2802,49051,NaN,0,0,0,0,0,0
2803,49053,NaN,0,0,0,0,0,0
2804,49055,NaN,0,0,0,0,0,0
2805,49057,NaN,0,0,0,0,0,0
2806,50001,NaN,0,0,0,0,0,0
2807,50003,NaN,0,0,0,0,0,0
2808,50005,NaN,0,0,0,0,0,0
2809,50007,NaN,0,0,0,0,0,0
2810,50009,NaN,0,0,0,0,0,0
2811,50011,NaN,0,0,0,0,0,0
2812,50013,NaN,0,0,0,0,0,0
2813,50015,NaN,0,0,0,0,0,0
2814,50017,NaN,0,0,0,0,0,0
2815,50019,NaN,0,0,0,0,0,0
2816,50021,NaN,0,0,0,0,0,0
2817,50023,NaN,0,0,0,0,0,0
2818,50025,NaN,0,0,0,0,0,0
2819,50027,NaN,0,0,0,0,0,0
2820,51001,NaN,0,0,0,0,0,0
2821,51003,NaN,,,,,,NaN
2822,51005,NaN,0,0,0,0,0,0
2823,51007,NaN,0,0,0,0,0,0
2824,51009,NaN,0,0,0,0,0,0
2825,51011,NaN,0,0,0,0,0,0
2826,51013,NaN,0,0,0,0,0,0
2827,51015,NaN,0,0,0,0,0,0
2828,51017,NaN,0,0,0,0,0,0
2829,51019,NaN,0,0,0,0,0,0
2830,51021,NaN,0,0,0,0,0,0
2831,51023,NaN,0,0,0,0,0,0
2832,51025,NaN,0,0,0,0,0,0
2833,51027,NaN,0,0,0,0,0,0
2834,51029,NaN,0,0,0,0,0,0
2835,51031,NaN,0,0,0,0,0,0
2836,51033,NaN,0,0,0,0,0,0
2837,51035,NaN,0,0,0,0,0,0
2838,51036,NaN,0,0,0,0,0,0
2839,51037,NaN,0,0,0,0,0,0
2840,51041,NaN,17,12,7,7,3,1
2841,51043,NaN,16,14,14,11,9,7
2842,51045,NaN,0,0,0,0,0,0
2843,51047,NaN,0,0,0,0,0,0
2844,51049,NaN,0,0,0,0,0,0
2845,51051,NaN,24,21,15,8,7,4
2846,51053,NaN,0,0,0,0,0,0
2847,51057,NaN,0,0,0,0,0,0
2848,51059,NaN,14,25,38,50,69,95
2849,51061,NaN,0,0,0,0,0,0
2850,51063,NaN,0,0,0,0,0,0
2851,51065,NaN,0,0,0,0,0,0
2852,51067,NaN,0,0,0,0,0,0
2853,51069,NaN,0,0,0,0,0,0
2854,51071,NaN,0,0,0,0,0,0
2855,51073,NaN,0,0,0,0,0,0
2856,51075,NaN,0,0,0,0,0,0
2857,51077,NaN,0,0,0,0,0,0
2858,51079,NaN,0,0,0,0,0,0
2859,51081,NaN,0,0,0,0,0,0
2860,51083,NaN,0,0,0,0,0,0
2861,51085,NaN,1,1,0,1,2,0
2862,51087,NaN,203,443,852,1515,2405,3272
2863,51089,NaN,0,0,0,0,0,0
2864,51091,NaN,0,0,0,0,0,0
2865,51093,NaN,0,0,0,0,0,0
2866,51095,NaN,0,0,0,0,0,0
2867,51097,NaN,0,0,0,0,0,0
2868,51099,NaN,0,0,0,0,0,0
2869,51101,NaN,0,0,0,0,0,0
2870,51103,NaN,0,0,0,0,0,0
2871,51105,NaN,0,0,0,0,0,0
2872,51107,NaN,21,15,14,9,8,7
2873,51109,NaN,0,0,0,0,0,0
2874,51111,NaN,0,0,0,0,0,0
2875,51113,NaN,,,,,,NaN
2876,51115,NaN,0,0,0,0,0,0
2877,51117,NaN,0,0,0,0,0,0
2878,51119,NaN,0,0,0,0,0,0
2879,51121,NaN,0,0,0,0,0,0
2880,51125,NaN,0,0,0,0,0,0
2881,51127,NaN,0,0,0,0,0,0
2882,51131,NaN,0,0,0,0,0,0
2883,51133,NaN,0,0,0,0,0,0
2884,51135,NaN,0,0,0,0,0,0
2885,51137,NaN,0,0,0,0,0,0
2886,51139,NaN,0,0,0,0,0,0
2887,51141,NaN,0,0,0,0,0,0
2888,51143,NaN,0,0,0,0,0,0
2889,51145,NaN,,,,,,NaN
2890,51147,NaN,0,0,0,0,0,0
2891,51149,NaN,0,0,0,0,0,0
2892,51153,NaN,65,50,40,33,27,21
2893,51155,NaN,0,0,0,0,0,0
2894,51157,NaN,0,0,0,0,0,0
2895,51159,NaN,0,0,0,0,0,0
2896,51161,NaN,12,7,6,7,7,7
2897,51163,NaN,0,0,0,0,0,0
2898,51165,NaN,2,2,3,1,3,1
2899,51167,NaN,0,0,0,0,0,0
2900,51169,NaN,0,0,0,0,0,0
2901,51171,NaN,0,0,0,0,0,0
2902,51173,NaN,0,0,0,0,0,0
2903,51175,NaN,0,0,0,0,0,0
2904,51177,NaN,0,0,0,0,0,0
2905,51179,NaN,0,0,0,0,0,0
2906,51181,NaN,0,0,0,0,0,0
2907,51183,NaN,0,0,0,0,0,0
2908,51185,NaN,0,0,0,0,0,0
2909,51187,NaN,6,6,5,3,7,7
2910,51191,NaN,0,0,0,0,0,0
2911,51193,NaN,0,0,0,0,0,0
2912,51195,NaN,0,0,0,0,0,0
2913,51197,NaN,0,0,0,0,0,0
2914,51199,NaN,0,0,0,0,0,0
2915,51510,NaN,0,0,0,0,0,0
2916,51520,NaN,0,0,0,0,0,0
2917,51530,NaN,0,0,0,0,0,0
2918,51540,NaN,8,6,5,6,8,11
2919,51550,NaN,28,32,35,34,37,41
2920,51570,NaN,0,0,0,0,0,0
2921,51580,NaN,0,0,0,0,0,0
2922,51590,NaN,0,0,0,0,0,0
2923,51595,NaN,,,,,,NaN
2924,51600,NaN,0,0,0,0,0,0
2925,51610,NaN,0,0,0,0,0,0
2926,51620,NaN,0,0,0,0,0,0
2927,51630,NaN,0,0,0,0,0,0
2928,51640,NaN,0,0,0,0,0,0
2929,51650,NaN,3,0,0,0,0,0
2930,51660,NaN,0,0,0,0,0,0
2931,51670,NaN,0,0,0,0,0,0
2932,51678,NaN,0,0,0,0,0,0
2933,51680,NaN,0,0,0,0,0,0
2934,51683,NaN,0,0,0,0,0,0
2935,51685,NaN,0,0,0,0,0,0
2936,51690,NaN,0,0,0,0,0,0
2937,51700,NaN,31,35,38,41,40,39
2938,51710,NaN,24,28,29,30,32,33
2939,51720,NaN,0,0,0,0,0,0
2940,51730,NaN,0,0,0,0,0,0
2941,51735,NaN,0,0,0,0,0,0
2942,51740,NaN,0,0,0,0,0,0
2943,51750,NaN,0,0,0,0,0,0
2944,51760,NaN,1,0,0,0,0,0
2945,51770,NaN,7,7,8,7,7,7
2946,51775,NaN,0,0,0,0,0,0
2947,51790,NaN,0,0,0,0,0,0
2948,51800,NaN,0,0,0,0,0,0
2949,51810,NaN,69,99,133,171,220,277
2950,51820,NaN,0,0,0,0,0,0
2951,51830,NaN,0,0,0,0,0,0
2952,51840,NaN,0,0,0,0,0,0
2953,53001,NaN,0,0,0,0,0,0
2954,53003,NaN,0,0,0,0,0,0
2955,53005,NaN,169,179,181,169,157,144
2956,53007,NaN,11,7,7,5,1,0
2957,53009,NaN,7,7,7,7,6,5
2958,53011,NaN,79,52,34,21,14,7
2959,53013,NaN,0,0,0,0,0,0
2960,53015,NaN,73,57,47,39,29,24
2961,53017,NaN,1,0,0,0,0,0
2962,53019,NaN,0,0,0,0,0,0
2963,53021,NaN,42,42,38,33,27,22
2964,53023,NaN,0,0,0,0,0,0
2965,53025,NaN,24,15,11,7,7,4
2966,53027,NaN,7,0,0,0,0,0
2967,53029,NaN,7,6,7,7,7,5
2968,53031,NaN,0,0,0,0,0,0
2969,53033,NaN,335,238,176,117,83,52
2970,53035,NaN,67,62,58,47,44,37
2971,53037,NaN,23,16,13,7,7,5
2972,53039,NaN,0,0,0,0,0,0
2973,53041,NaN,35,21,14,7,7,2
2974,53043,NaN,0,0,0,0,0,0
2975,53045,NaN,9,7,4,2,0,0
2976,53047,NaN,7,7,1,1,0,0
2977,53049,NaN,0,0,0,0,0,0
2978,53051,NaN,0,0,0,0,0,0
2979,53053,NaN,180,159,140,117,99,81
2980,53055,NaN,0,0,0,0,0,0
2981,53057,NaN,11,7,3,0,0,0
2982,53059,NaN,0,0,0,0,0,0
2983,53061,NaN,307,333,333,326,307,279
2984,53063,NaN,200,191,173,154,133,118
2985,53065,NaN,4,0,0,0,0,0
2986,53067,NaN,105,89,70,56,45,33
2987,53069,NaN,0,0,0,0,0,0
2988,53071,NaN,73,78,72,65,55,49
2989,53073,NaN,38,24,14,8,7,3
2990,53075,NaN,0,0,0,0,0,0
2991,53077,NaN,94,83,70,58,46,38
2992,54001,NaN,0,0,0,0,0,0
2993,54003,NaN,3,0,0,0,0,0
2994,54005,NaN,0,0,0,0,0,0
2995,54007,NaN,6,1,0,0,0,0
2996,54009,NaN,0,0,0,0,0,0
2997,54011,NaN,4,0,0,0,0,0
2998,54013,NaN,5,0,0,0,0,0
2999,54015,NaN,0,0,0,0,0,0
3000,54017,NaN,0,0,0,0,0,0
3001,54019,NaN,0,0,0,0,0,0
3002,54021,NaN,0,0,0,0,0,0
3003,54023,NaN,0,0,0,0,0,0
3004,54025,NaN,0,0,0,0,0,0
3005,54027,NaN,0,0,0,0,0,0
3006,54029,NaN,0,0,0,0,0,0
3007,54031,NaN,0,0,0,0,0,0
3008,54033,NaN,6,0,0,0,0,0
3009,54035,NaN,0,0,0,0,0,0
3010,54037,NaN,2,0,0,0,0,0
3011,54039,NaN,0,0,0,0,0,0
3012,54041,NaN,0,0,0,0,0,0
3013,54043,NaN,0,0,0,0,0,0
3014,54045,NaN,3,2,0,1,0,1
3015,54047,NaN,0,0,0,0,0,0
3016,54049,NaN,0,0,0,0,0,0
3017,54051,NaN,0,0,0,0,0,0
3018,54053,NaN,0,0,0,0,0,0
3019,54055,NaN,0,0,0,0,0,0
3020,54057,NaN,0,0,0,0,0,0
3021,54059,NaN,0,0,0,0,0,0
3022,54061,NaN,0,0,0,0,0,0
3023,54063,NaN,0,0,0,0,0,3
3024,54065,NaN,0,0,0,0,0,0
3025,54067,NaN,0,0,0,0,0,0
3026,54069,NaN,0,0,0,0,0,0
3027,54071,NaN,0,0,0,0,0,0
3028,54073,NaN,0,0,0,0,0,0
3029,54075,NaN,0,0,0,0,0,0
3030,54077,NaN,0,0,0,0,0,0
3031,54079,NaN,0,0,0,0,0,0
3032,54081,NaN,5,0,0,0,0,0
3033,54083,NaN,1,0,0,0,0,0
3034,54085,NaN,0,0,0,0,0,0
3035,54087,NaN,0,0,0,0,0,0
3036,54089,NaN,0,0,0,0,0,0
3037,54091,NaN,0,0,0,0,0,0
3038,54093,NaN,0,0,0,0,0,0
3039,54095,NaN,0,0,0,0,0,0
3040,54097,NaN,0,0,0,0,0,0
3041,54099,NaN,0,0,0,0,0,0
3042,54101,NaN,0,0,0,0,0,0
3043,54103,NaN,7,6,2,0,0,0
3044,54105,NaN,0,0,0,0,0,0
3045,54107,NaN,0,0,0,0,0,0
3046,54109,NaN,0,0,0,0,0,0
3047,55001,NaN,0,0,0,0,0,0
3048,55003,NaN,0,0,0,0,0,0
3049,55005,NaN,0,0,0,0,0,0
3050,55007,NaN,0,0,0,0,0,0
3051,55009,NaN,19,13,7,7,7,6
3052,55011,NaN,0,0,0,0,0,0
3053,55013,NaN,0,0,0,0,0,0
3054,55015,NaN,0,0,0,0,0,0
3055,55017,NaN,0,0,0,0,0,0
3056,55019,NaN,0,0,0,0,0,0
3057,55021,NaN,0,0,0,0,0,0
3058,55023,NaN,0,0,0,0,0,0
3059,55025,NaN,41,47,51,55,57,59
3060,55027,NaN,0,0,0,0,0,0
3061,55029,NaN,0,0,0,0,0,0
3062,55031,NaN,0,0,0,0,0,0
3063,55033,NaN,0,0,0,0,0,0
3064,55035,NaN,0,0,0,0,0,0
3065,55037,NaN,0,0,0,0,0,0
3066,55039,NaN,0,0,0,0,0,0
3067,55041,NaN,0,0,0,0,0,0
3068,55043,NaN,0,0,0,0,0,0
3069,55045,NaN,0,0,0,0,0,0
3070,55047,NaN,0,0,0,0,0,0
3071,55049,NaN,0,0,0,0,0,0
3072,55051,NaN,0,0,0,0,0,0
3073,55053,NaN,0,0,0,0,0,0
3074,55055,NaN,0,0,0,0,0,0
3075,55057,NaN,0,0,0,0,0,0
3076,55059,NaN,0,0,0,0,0,0
3077,55061,NaN,0,0,0,0,0,0
3078,55063,NaN,0,0,0,0,0,0
3079,55065,NaN,0,0,0,0,0,0
3080,55067,NaN,1,0,0,0,0,0
3081,55069,NaN,0,0,0,0,0,0
3082,55071,NaN,0,0,0,0,0,0
3083,55073,NaN,0,0,0,0,0,0
3084,55075,NaN,0,0,0,0,0,0
3085,55077,NaN,0,0,0,0,0,0
3086,55078,NaN,0,0,0,0,0,0
3087,55079,NaN,131,156,174,187,201,224
3088,55081,NaN,0,0,0,0,0,0
3089,55083,NaN,0,0,0,0,0,0
3090,55085,NaN,0,0,0,0,0,0
3091,55087,NaN,0,0,0,0,0,0
3092,55089,NaN,0,0,0,0,0,0
3093,55091,NaN,0,0,0,0,0,0
3094,55093,NaN,0,0,0,0,0,0
3095,55095,NaN,0,0,0,0,0,0
3096,55097,NaN,0,0,0,0,0,0
3097,55099,NaN,0,0,0,0,0,0
3098,55101,NaN,4,0,0,0,0,0
3099,55103,NaN,0,0,0,0,0,0
3100,55105,NaN,0,0,0,0,0,0
3101,55107,NaN,0,0,0,0,0,0
3102,55109,NaN,0,0,0,0,0,0
3103,55111,NaN,0,0,0,0,0,0
3104,55113,NaN,0,0,0,0,0,0
3105,55115,NaN,0,0,0,0,0,0
3106,55117,NaN,2,0,0,0,0,0
3107,55119,NaN,0,0,0,0,0,0
3108,55121,NaN,0,0,0,0,0,0
3109,55123,NaN,0,0,0,0,0,0
3110,55125,NaN,0,0,0,0,0,0
3111,55127,NaN,0,0,0,0,0,0
3112,55129,NaN,0,0,0,0,0,0
3113,55131,NaN,0,0,0,0,0,0
3114,55133,NaN,7,1,2,0,0,0
3115,55135,NaN,0,0,0,0,0,0
3116,55137,NaN,0,0,0,0,0,0
3117,55139,NaN,6,1,0,0,0,0
3118,55141,NaN,0,0,0,0,0,0
3119,56001,NaN,0,0,0,1,0,0
3120,56003,NaN,0,0,0,0,0,0
3121,56005,NaN,0,0,0,0,0,0
3122,56007,NaN,0,0,0,0,0,0
3123,56009,NaN,0,0,0,0,0,0
3124,56011,NaN,0,0,0,0,0,0
3125,56013,NaN,0,0,0,0,0,0
3126,56015,NaN,,,,,,NaN
3127,56017,NaN,0,0,0,0,0,0
3128,56019,NaN,0,0,0,0,0,0
3129,56021,NaN,232,227,231,224,212,200
3130,56023,NaN,,,,,,NaN
3131,56025,NaN,23,26,28,28,29,28
3132,56027,NaN,0,0,0,0,0,0
3133,56029,NaN,0,0,0,0,0,0
3134,56031,NaN,0,0,0,0,0,0
3135,56033,NaN,0,0,0,0,0,0
3136,56035,NaN,0,0,0,0,0,0
3137,56037,NaN,6,0,0,0,0,0
3138,56039,NaN,0,0,0,0,0,0
3139,56041,NaN,0,0,0,0,0,0
3140,56043,NaN,0,0,0,0,0,0
3141,56045,NaN,0,0,0,0,0,0
