,County,817,822,829,836,843
0,01001,NaN,19,24,66,129
1,01003,NaN,67,67,266,482
2,01005,NaN,3,23,39,50
3,01007,NaN,7,7,19,48
4,01009,NaN,31,24,48,119
5,01011,NaN,2,4,11,26
6,01013,NaN,4,3,19,26
7,01015,NaN,16,9,84,91
8,01017,NaN,8,10,35,56
9,01019,NaN,6,7,12,34
10,01021,NaN,19,9,41,70
11,01023,NaN,2,2,4,11
12,01025,NaN,7,8,29,41
13,01027,NaN,1,2,10,28
14,01029,NaN,1,1,9,20
15,01031,NaN,9,32,84,139
16,01033,NaN,9,13,33,116
17,01035,NaN,3,3,16,17
18,01037,NaN,6,4,11,22
19,01039,NaN,6,10,34,52
20,01041,NaN,2,4,22,15
21,01043,NaN,31,19,110,159
22,01045,NaN,8,42,84,113
23,01047,NaN,10,5,23,62
24,01049,NaN,9,6,51,48
25,01051,NaN,61,49,186,391
26,01053,NaN,9,10,58,85
27,01055,NaN,14,17,47,144
28,01057,NaN,4,2,9,7
29,01059,NaN,6,7,18,39
30,01061,NaN,4,23,44,77
31,01063,NaN,2,1,6,11
32,01065,NaN,8,6,20,32
33,01067,NaN,1,17,33,35
34,01069,NaN,15,75,192,168
35,01071,NaN,6,5,43,66
36,01073,NaN,186,224,556,1079
37,01075,NaN,2,4,10,13
38,01077,NaN,19,15,67,159
39,01079,NaN,8,7,22,32
40,01081,NaN,39,39,125,303
41,01083,NaN,25,20,54,132
42,01085,NaN,2,2,15,16
43,01087,NaN,2,3,12,31
44,01089,NaN,181,254,363,790
45,01091,NaN,4,5,8,29
46,01093,NaN,4,11,38,34
47,01095,NaN,14,13,88,174
48,01097,NaN,53,82,221,331
49,01099,NaN,2,2,26,49
50,01101,NaN,68,74,182,425
51,01103,NaN,34,24,97,141
52,01105,NaN,1,1,6,13
53,01107,NaN,4,2,14,18
54,01109,NaN,6,11,38,39
55,01111,NaN,3,5,23,33
56,01113,NaN,13,15,42,68
57,01115,NaN,18,17,73,107
58,01117,NaN,119,143,194,592
59,01119,NaN,1,2,3,17
60,01121,NaN,16,19,42,105
61,01123,NaN,17,17,42,78
62,01125,NaN,106,99,158,324
63,01127,NaN,16,24,59,113
64,01129,NaN,1,4,10,16
65,01131,NaN,2,3,5,16
66,01133,NaN,2,4,14,31
67,02013,NaN,3,6,9,16
68,02016,NaN,2,2,8,9
69,02020,NaN,386,806,1780,1558
70,02050,NaN,34,26,62,86
71,02060,NaN,0,0,0,0
72,02068,NaN,0,1,2,2
73,02070,NaN,25,27,30,58
74,02090,NaN,70,106,220,221
75,02100,NaN,3,3,1,3
76,02105,NaN,0,0,0,0
77,02110,NaN,47,67,146,101
78,02122,NaN,47,44,122,84
79,02130,NaN,16,18,31,44
80,02150,NaN,11,22,17,24
81,02158,NaN,17,3,19,39
82,02164,NaN,7,10,11,33
83,02170,NaN,100,146,297,244
84,02180,NaN,60,77,82,165
85,02185,NaN,10,14,33,33
86,02188,NaN,22,34,41,89
87,02195,NaN,6,4,11,11
88,02198,NaN,2,1,3,12
89,02220,NaN,29,35,52,91
90,02230,NaN,2,2,4,4
91,02240,NaN,8,11,27,16
92,02261,NaN,0,0,0,1
93,02275,NaN,7,6,7,12
94,02282,NaN,3,2,3,9
95,02290,NaN,3,1,8,10
96,04001,NaN,57,54,72,189
97,04003,NaN,52,59,105,205
98,04005,NaN,65,92,224,232
99,04007,NaN,64,44,203,137
100,04009,NaN,11,8,33,47
101,04011,NaN,1,1,4,7
102,04012,NaN,17,14,23,42
103,04013,NaN,1390,2629,5982,6534
104,04015,NaN,54,47,108,275
105,04017,NaN,45,76,74,183
106,04019,NaN,666,1210,1879,1868
107,04021,NaN,793,1106,3213,2011
108,04023,NaN,15,17,69,137
109,04025,NaN,52,82,187,266
110,04027,NaN,41,35,115,288
111,05001,NaN,3,2,8,19
112,05003,NaN,1,1,18,16
113,05005,NaN,11,3,47,20
114,05007,NaN,70,33,233,185
115,05009,NaN,7,4,28,25
116,05011,NaN,3,3,19,13
117,05013,NaN,0,0,3,3
118,05015,NaN,6,2,25,17
119,05017,NaN,3,1,12,12
120,05019,NaN,5,1,17,20
121,05021,NaN,2,3,16,8
122,05023,NaN,4,5,11,19
123,05025,NaN,3,1,7,8
124,05027,NaN,4,2,20,14
125,05029,NaN,4,4,14,16
126,05031,NaN,15,12,96,69
127,05033,NaN,8,4,31,51
128,05035,NaN,6,9,85,59
129,05037,NaN,3,1,12,12
130,05039,NaN,1,1,3,4
131,05041,NaN,3,1,7,12
132,05043,NaN,1,1,11,8
133,05045,NaN,31,13,90,129
134,05047,NaN,2,1,11,13
135,05049,NaN,2,2,12,7
136,05051,NaN,23,4,109,95
137,05053,NaN,3,1,18,10
138,05055,NaN,9,8,37,41
139,05057,NaN,2,2,20,15
140,05059,NaN,8,4,34,30
141,05061,NaN,2,1,8,8
142,05063,NaN,7,7,18,33
143,05065,NaN,3,2,9,14
144,05067,NaN,9,7,18,20
145,05069,NaN,11,8,36,54
146,05071,NaN,7,3,33,15
147,05073,NaN,0,0,5,3
148,05075,NaN,4,3,21,13
149,05077,NaN,1,1,8,4
150,05079,NaN,1,2,8,12
151,05081,NaN,2,6,14,14
152,05083,NaN,3,3,13,14
153,05085,NaN,14,10,41,46
154,05087,NaN,3,1,18,12
155,05089,NaN,3,2,16,7
156,05091,NaN,7,4,50,29
157,05093,NaN,6,8,51,38
158,05095,NaN,1,1,5,11
159,05097,NaN,1,0,10,5
160,05099,NaN,1,1,7,7
161,05101,NaN,1,0,10,5
162,05103,NaN,4,4,12,17
163,05105,NaN,2,1,6,3
164,05107,NaN,13,11,20,24
165,05109,NaN,2,0,14,14
166,05111,NaN,4,2,23,13
167,05113,NaN,1,1,14,12
168,05115,NaN,12,14,39,64
169,05117,NaN,1,1,5,12
170,05119,NaN,156,101,295,397
171,05121,NaN,7,2,35,26
172,05123,NaN,4,5,23,20
173,05125,NaN,37,24,71,127
174,05127,NaN,1,2,6,8
175,05129,NaN,2,2,3,7
176,05131,NaN,23,12,81,95
177,05133,NaN,2,1,21,6
178,05135,NaN,4,2,13,20
179,05137,NaN,4,4,6,9
180,05139,NaN,7,2,34,27
181,05141,NaN,2,1,8,13
182,05143,NaN,65,14,241,238
183,05145,NaN,17,10,64,58
184,05147,NaN,1,0,4,5
185,05149,NaN,3,2,14,13
186,06001,NaN,1499,2693,3795,6671
187,06003,NaN,0,0,1,1
188,06005,NaN,4,5,18,34
189,06007,NaN,52,61,137,265
190,06009,NaN,14,15,34,62
191,06011,NaN,4,7,21,27
192,06013,NaN,685,817,1167,2814
193,06015,NaN,3,4,12,25
194,06017,NaN,46,45,121,210
195,06019,NaN,658,750,1249,2139
196,06021,NaN,6,7,20,31
197,06023,NaN,170,27,449,185
198,06025,NaN,151,83,368,410
199,06027,NaN,12,13,40,12
200,06029,NaN,224,346,445,597
201,06031,NaN,40,48,84,137
202,06033,NaN,19,14,33,67
203,06035,NaN,4,5,14,25
204,06037,NaN,6966,8166,10955,28967
205,06039,NaN,30,27,74,170
206,06041,NaN,222,298,554,593
207,06043,NaN,13,14,17,25
208,06045,NaN,72,37,179,131
209,06047,NaN,125,113,237,446
210,06049,NaN,1,2,5,4
211,06051,NaN,5,4,26,24
212,06053,NaN,363,394,491,1160
213,06055,NaN,104,146,119,373
214,06057,NaN,36,40,124,99
215,06059,NaN,1526,1475,3806,7884
216,06061,NaN,84,83,243,458
217,06063,NaN,37,42,39,92
218,06065,NaN,680,776,1849,3366
219,06067,NaN,1323,2542,5760,6136
220,06069,NaN,15,17,32,78
221,06071,NaN,1926,3772,3270,6496
222,06073,NaN,1872,2386,2962,8764
223,06075,NaN,916,1280,3442,2379
224,06077,NaN,238,315,570,1146
225,06079,NaN,121,103,198,411
226,06081,NaN,1125,1756,3627,3876
227,06083,NaN,280,452,742,655
228,06085,NaN,1289,1775,2582,3639
229,06087,NaN,319,431,648,676
230,06089,NaN,23,26,101,148
231,06091,NaN,1,0,5,2
232,06093,NaN,8,6,22,36
233,06095,NaN,59,112,225,382
234,06097,NaN,587,881,2014,1437
235,06099,NaN,494,85,2985,1416
236,06101,NaN,58,43,143,130
237,06103,NaN,25,26,72,73
238,06105,NaN,2,1,7,8
239,06107,NaN,550,846,1166,1708
240,06109,NaN,13,7,43,68
241,06111,NaN,340,422,659,1805
242,06113,NaN,170,197,714,417
243,06115,NaN,18,19,49,90
244,08001,NaN,717,959,1752,1980
245,08003,NaN,8,5,16,25
246,08005,NaN,806,1018,1794,1414
247,08007,NaN,9,10,22,27
248,08009,NaN,0,1,3,6
249,08011,NaN,6,6,10,18
250,08013,NaN,657,759,1494,960
251,08014,NaN,107,103,231,167
252,08015,NaN,55,62,111,119
253,08017,NaN,0,0,1,1
254,08019,NaN,9,9,29,25
255,08021,NaN,4,5,7,14
256,08023,NaN,5,4,8,15
257,08025,NaN,5,16,23,40
258,08027,NaN,2,3,6,7
259,08029,NaN,71,58,100,114
260,08031,NaN,1146,1488,3047,1903
261,08033,NaN,2,2,4,4
262,08035,NaN,453,437,928,830
263,08037,NaN,62,61,133,211
264,08039,NaN,20,17,45,30
265,08041,NaN,801,890,1752,2514
266,08043,NaN,52,29,71,189
267,08045,NaN,75,59,173,193
268,08047,NaN,5,3,11,10
269,08049,NaN,19,18,41,43
270,08051,NaN,14,13,23,30
271,08053,NaN,0,0,0,0
272,08055,NaN,3,2,6,9
273,08057,NaN,0,0,0,1
274,08059,NaN,1136,1270,2329,1854
275,08061,NaN,0,0,1,2
276,08063,NaN,3,4,6,14
277,08065,NaN,3,3,9,11
278,08067,NaN,44,47,77,138
279,08069,NaN,501,576,942,1408
280,08071,NaN,23,22,17,36
281,08073,NaN,5,8,14,27
282,08075,NaN,15,13,20,65
283,08077,NaN,142,155,249,465
284,08079,NaN,1,0,2,4
285,08081,NaN,7,7,18,14
286,08083,NaN,13,7,26,61
287,08085,NaN,23,23,44,63
288,08087,NaN,15,13,42,50
289,08089,NaN,10,8,16,23
290,08091,NaN,2,2,7,6
291,08093,NaN,14,16,30,33
292,08095,NaN,5,4,9,10
293,08097,NaN,36,28,64,61
294,08099,NaN,3,3,9,13
295,08101,NaN,280,322,531,1042
296,08103,NaN,4,3,6,8
297,08105,NaN,9,9,10,18
298,08107,NaN,28,29,36,70
299,08109,NaN,4,4,9,13
300,08111,NaN,0,0,1,4
301,08113,NaN,9,6,20,26
302,08115,NaN,1,0,3,3
303,08117,NaN,37,45,68,98
304,08119,NaN,17,18,30,41
305,08121,NaN,2,2,4,9
306,08123,NaN,361,410,710,534
307,08125,NaN,2,2,10,11
308,09001,NaN,1464,2017,2631,6598
309,09003,NaN,941,1193,2248,2632
310,09005,NaN,194,279,429,540
311,09007,NaN,190,242,310,390
312,09009,NaN,1268,1755,1256,4138
313,09011,NaN,414,449,584,1582
314,09013,NaN,150,212,296,617
315,09015,NaN,98,110,211,344
316,10001,NaN,185,269,285,664
317,10003,NaN,457,645,698,1536
318,10005,NaN,164,220,230,535
319,11001,NaN,1698,2842,6410,8342
320,12001,NaN,56,111,254,665
321,12003,NaN,2,10,13,82
322,12005,NaN,23,38,123,441
323,12007,NaN,2,5,12,64
324,12009,NaN,115,203,715,1807
325,12011,NaN,487,1524,4881,9382
326,12013,NaN,1,3,7,30
327,12015,NaN,38,82,138,392
328,12017,NaN,19,40,60,304
329,12019,NaN,21,39,56,510
330,12021,NaN,72,186,586,1401
331,12023,NaN,7,14,32,138
332,12027,NaN,2,16,34,72
333,12029,NaN,1,5,12,28
334,12031,NaN,167,289,903,2722
335,12033,NaN,36,46,221,682
336,12035,NaN,19,47,63,266
337,12037,NaN,1,2,5,23
338,12039,NaN,7,13,48,106
339,12041,NaN,1,7,13,35
340,12043,NaN,1,1,11,16
341,12045,NaN,0,3,7,25
342,12047,NaN,1,4,15,20
343,12049,NaN,2,9,22,77
344,12051,NaN,4,6,35,79
345,12053,NaN,29,58,91,456
346,12055,NaN,17,31,68,238
347,12057,NaN,249,558,999,6347
348,12059,NaN,5,5,18,41
349,12061,NaN,29,45,149,298
350,12063,NaN,14,15,40,106
351,12065,NaN,1,5,8,25
352,12067,NaN,0,2,4,14
353,12069,NaN,75,214,351,1051
354,12071,NaN,150,410,1033,2538
355,12073,NaN,44,73,256,884
356,12075,NaN,2,16,20,117
357,12077,NaN,1,4,4,11
358,12079,NaN,2,9,10,45
359,12081,NaN,62,238,435,1021
360,12083,NaN,54,89,217,914
361,12085,NaN,32,31,430,427
362,12086,NaN,724,2532,7019,19822
363,12087,NaN,13,17,127,194
364,12089,NaN,14,11,54,184
365,12091,NaN,24,42,127,485
366,12093,NaN,5,9,22,72
367,12095,NaN,362,1010,2247,4281
368,12097,NaN,105,195,532,1556
369,12099,NaN,347,605,2715,5781
370,12101,NaN,95,287,544,1826
371,12103,NaN,142,430,1001,2801
372,12105,NaN,115,289,711,2356
373,12107,NaN,9,16,37,167
374,12109,NaN,45,29,175,586
375,12111,NaN,59,77,320,730
376,12113,NaN,21,27,100,431
377,12115,NaN,100,233,330,1180
378,12117,NaN,83,170,638,1533
379,12119,NaN,25,37,88,153
380,12121,NaN,5,12,24,77
381,12123,NaN,1,2,10,36
382,12125,NaN,1,3,8,31
383,12127,NaN,84,195,364,1196
384,12129,NaN,4,6,30,87
385,12131,NaN,9,14,62,96
386,12133,NaN,5,5,32,53
387,13001,NaN,6,6,15,20
388,13003,NaN,9,6,8,16
389,13005,NaN,6,4,45,11
390,13007,NaN,1,0,3,5
391,13009,NaN,7,9,31,58
392,13011,NaN,13,13,21,33
393,13013,NaN,23,24,138,190
394,13015,NaN,53,52,126,146
395,13017,NaN,4,5,16,19
396,13019,NaN,3,4,26,38
397,13021,NaN,41,36,119,246
398,13023,NaN,2,3,8,13
399,13025,NaN,18,14,27,39
400,13027,NaN,4,4,13,17
401,13029,NaN,18,14,39,59
402,13031,NaN,12,11,58,66
403,13033,NaN,4,6,24,37
404,13035,NaN,6,8,24,30
405,13037,NaN,1,2,7,7
406,13039,NaN,10,11,59,46
407,13043,NaN,5,13,15,36
408,13045,NaN,24,33,82,184
409,13047,NaN,47,46,113,151
410,13049,NaN,6,9,9,15
411,13051,NaN,152,63,397,427
412,13053,NaN,10,38,81,28
413,13055,NaN,10,11,17,35
414,13057,NaN,72,74,327,493
415,13059,NaN,39,34,159,175
416,13061,NaN,1,2,5,5
417,13063,NaN,78,116,413,451
418,13065,NaN,1,1,7,5
419,13067,NaN,303,469,1518,1382
420,13069,NaN,14,8,39,34
421,13071,NaN,6,11,64,63
422,13073,NaN,29,28,100,132
423,13075,NaN,4,5,21,35
424,13077,NaN,41,45,168,259
425,13079,NaN,2,2,8,14
426,13081,NaN,2,4,12,20
427,13083,NaN,15,19,39,38
428,13085,NaN,9,11,27,46
429,13087,NaN,6,7,21,34
430,13089,NaN,339,506,1313,1476
431,13091,NaN,4,2,15,40
432,13093,NaN,2,2,10,17
433,13095,NaN,44,52,108,233
434,13097,NaN,34,41,199,245
435,13099,NaN,1,5,17,19
436,13101,NaN,0,1,4,9
437,13103,NaN,26,13,70,94
438,13105,NaN,3,2,11,18
439,13107,NaN,4,5,26,28
440,13109,NaN,2,6,11,9
441,13111,NaN,8,5,12,28
442,13113,NaN,37,45,138,204
443,13115,NaN,37,36,80,137
444,13117,NaN,39,61,145,209
445,13119,NaN,4,7,23,29
446,13121,NaN,580,572,2208,1944
447,13123,NaN,8,10,22,29
448,13125,NaN,0,0,4,4
449,13127,NaN,10,10,57,75
450,13129,NaN,62,65,87,97
451,13131,NaN,4,3,28,40
452,13133,NaN,6,4,17,31
453,13135,NaN,315,328,1424,1227
454,13137,NaN,7,9,23,40
455,13139,NaN,72,70,254,328
456,13141,NaN,2,1,7,8
457,13143,NaN,5,4,14,36
458,13145,NaN,8,13,44,59
459,13147,NaN,4,5,17,32
460,13149,NaN,2,1,6,16
461,13151,NaN,66,73,282,294
462,13153,NaN,44,34,122,310
463,13155,NaN,1,1,8,7
464,13157,NaN,13,19,51,150
465,13159,NaN,2,3,9,20
466,13161,NaN,1,1,17,10
467,13163,NaN,2,3,10,12
468,13165,NaN,1,2,10,11
469,13167,NaN,1,2,10,14
470,13169,NaN,3,4,19,30
471,13171,NaN,4,3,13,21
472,13173,NaN,1,2,9,15
473,13175,NaN,6,9,36,87
474,13177,NaN,7,9,14,47
475,13179,NaN,23,19,52,91
476,13181,NaN,2,1,8,12
477,13183,NaN,5,4,14,23
478,13185,NaN,36,37,139,170
479,13187,NaN,8,11,23,36
480,13189,NaN,5,4,22,32
481,13191,NaN,2,1,10,10
482,13193,NaN,4,3,17,17
483,13195,NaN,4,4,22,46
484,13197,NaN,2,4,7,11
485,13199,NaN,5,4,20,29
486,13201,NaN,1,1,8,5
487,13205,NaN,2,4,12,34
488,13207,NaN,10,12,39,34
489,13209,NaN,1,2,10,12
490,13211,NaN,3,6,11,17
491,13213,NaN,20,16,35,45
492,13215,NaN,46,51,146,306
493,13217,NaN,28,36,135,144
494,13219,NaN,17,12,38,65
495,13221,NaN,7,10,21,43
496,13223,NaN,46,40,202,249
497,13225,NaN,6,10,20,33
498,13227,NaN,17,16,41,44
499,13229,NaN,16,9,24,54
500,13231,NaN,4,4,27,21
501,13233,NaN,12,12,27,56
502,13235,NaN,2,3,10,20
503,13237,NaN,5,5,15,29
504,13239,NaN,0,2,5,6
505,13241,NaN,3,6,20,14
506,13243,NaN,2,2,8,8
507,13245,NaN,38,44,109,201
508,13247,NaN,52,43,214,192
509,13249,NaN,3,3,10,11
510,13251,NaN,5,6,28,25
511,13253,NaN,1,2,9,10
512,13255,NaN,18,23,50,101
513,13257,NaN,5,11,18,32
514,13259,NaN,17,16,23,22
515,13261,NaN,6,9,24,30
516,13263,NaN,3,2,7,8
517,13265,NaN,0,0,1,2
518,13267,NaN,5,6,19,24
519,13269,NaN,2,2,5,11
520,13271,NaN,3,6,21,15
521,13273,NaN,0,2,6,19
522,13275,NaN,7,11,36,64
523,13277,NaN,8,7,36,64
524,13279,NaN,7,11,16,26
525,13281,NaN,2,4,6,11
526,13283,NaN,0,1,4,9
527,13285,NaN,12,13,69,91
528,13287,NaN,2,4,5,10
529,13289,NaN,2,2,9,9
530,13291,NaN,3,7,24,24
531,13293,NaN,9,11,44,37
532,13295,NaN,55,55,105,195
533,13297,NaN,11,18,84,111
534,13299,NaN,5,5,27,34
535,13301,NaN,1,1,3,9
536,13303,NaN,6,9,14,24
537,13305,NaN,4,6,22,34
538,13307,NaN,0,0,2,3
539,13309,NaN,1,1,2,14
540,13311,NaN,5,8,17,40
541,13313,NaN,21,22,48,126
542,13315,NaN,2,3,8,11
543,13317,NaN,1,3,6,14
544,13319,NaN,3,2,7,18
545,13321,NaN,3,5,8,32
546,15001,NaN,137,187,603,642
547,15003,NaN,699,1190,3827,4509
548,15005,NaN,0,0,0,0
549,15007,NaN,40,38,111,159
550,15009,NaN,116,187,486,586
551,16001,NaN,160,186,220,267
552,16003,NaN,0,0,3,2
553,16005,NaN,25,13,63,106
554,16007,NaN,2,1,4,7
555,16009,NaN,0,4,26,20
556,16011,NaN,22,9,60,35
557,16013,NaN,17,3,24,7
558,16015,NaN,0,0,6,5
559,16017,NaN,12,2,57,42
560,16019,NaN,16,11,81,115
561,16021,NaN,1,2,17,5
562,16023,NaN,0,0,1,2
563,16025,NaN,0,0,1,0
564,16027,NaN,46,28,95,173
565,16029,NaN,3,2,5,9
566,16031,NaN,4,1,21,15
567,16033,NaN,0,0,1,1
568,16035,NaN,3,3,9,11
569,16037,NaN,0,0,2,2
570,16039,NaN,9,1,11,10
571,16041,NaN,1,0,4,10
572,16043,NaN,1,1,8,10
573,16045,NaN,3,2,8,11
574,16047,NaN,5,1,13,6
575,16049,NaN,3,1,16,7
576,16051,NaN,2,2,8,28
577,16053,NaN,7,1,26,13
578,16055,NaN,41,6,237,193
579,16057,NaN,7,6,18,39
580,16059,NaN,0,1,3,5
581,16061,NaN,1,1,7,4
582,16063,NaN,1,0,3,1
583,16065,NaN,5,5,24,85
584,16067,NaN,3,0,22,6
585,16069,NaN,6,2,20,30
586,16071,NaN,0,0,3,3
587,16073,NaN,1,1,5,6
588,16075,NaN,5,6,12,15
589,16077,NaN,1,1,8,5
590,16079,NaN,2,1,19,10
591,16081,NaN,4,4,7,15
592,16083,NaN,17,4,100,64
593,16085,NaN,2,0,11,16
594,16087,NaN,3,3,6,10
595,17001,NaN,35,38,56,123
596,17003,NaN,3,2,6,12
597,17005,NaN,8,7,15,31
598,17007,NaN,24,33,37,84
599,17009,NaN,1,1,4,10
600,17011,NaN,12,14,24,46
601,17013,NaN,0,1,6,6
602,17015,NaN,3,4,13,32
603,17017,NaN,6,5,17,24
604,17019,NaN,851,1107,2263,1695
605,17021,NaN,15,21,35,44
606,17023,NaN,3,4,10,20
607,17025,NaN,2,1,5,10
608,17027,NaN,8,14,44,41
609,17029,NaN,34,39,61,133
610,17031,NaN,6308,8722,16613,28859
611,17033,NaN,5,5,13,29
612,17035,NaN,3,3,7,18
613,17037,NaN,96,110,202,223
614,17039,NaN,7,8,17,32
615,17041,NaN,11,11,22,42
616,17043,NaN,1271,1920,2834,3465
617,17045,NaN,5,7,21,31
618,17047,NaN,1,1,5,6
619,17049,NaN,11,13,33,56
620,17051,NaN,6,6,20,24
621,17053,NaN,12,11,32,41
622,17055,NaN,8,6,25,53
623,17057,NaN,13,10,22,48
624,17059,NaN,2,2,4,7
625,17061,NaN,7,7,25,34
626,17063,NaN,40,42,117,82
627,17065,NaN,3,2,4,9
628,17067,NaN,3,3,8,23
629,17069,NaN,0,1,3,5
630,17071,NaN,0,1,2,6
631,17073,NaN,24,25,70,85
632,17075,NaN,19,16,34,66
633,17077,NaN,20,21,48,71
634,17079,NaN,1,2,4,13
635,17081,NaN,6,11,31,53
636,17083,NaN,10,13,22,62
637,17085,NaN,4,6,13,21
638,17087,NaN,2,3,6,14
639,17089,NaN,469,556,923,1640
640,17091,NaN,60,86,170,206
641,17093,NaN,120,169,234,306
642,17095,NaN,11,12,27,52
643,17097,NaN,853,1267,1929,2343
644,17099,NaN,80,99,158,272
645,17101,NaN,3,4,10,28
646,17103,NaN,14,13,27,42
647,17105,NaN,24,32,34,86
648,17107,NaN,29,33,51,103
649,17109,NaN,16,15,26,50
650,17111,NaN,285,371,528,571
651,17113,NaN,322,478,830,762
652,17115,NaN,76,106,204,334
653,17117,NaN,13,15,29,75
654,17119,NaN,96,106,294,393
655,17121,NaN,11,8,20,37
656,17123,NaN,3,3,8,11
657,17125,NaN,8,9,24,22
658,17127,NaN,2,3,7,10
659,17129,NaN,5,3,8,23
660,17131,NaN,6,5,14,28
661,17133,NaN,11,11,29,53
662,17135,NaN,16,16,29,42
663,17137,NaN,11,14,24,48
664,17139,NaN,5,6,13,22
665,17141,NaN,23,33,43,91
666,17143,NaN,145,211,361,316
667,17145,NaN,8,10,14,29
668,17147,NaN,34,43,88,86
669,17149,NaN,6,6,13,34
670,17151,NaN,1,1,3,4
671,17153,NaN,2,1,4,6
672,17155,NaN,6,8,15,19
673,17157,NaN,9,11,27,58
674,17159,NaN,3,3,12,18
675,17161,NaN,74,86,156,251
676,17163,NaN,143,188,359,564
677,17165,NaN,11,11,13,30
678,17167,NaN,141,127,365,557
679,17169,NaN,2,2,7,13
680,17171,NaN,1,1,4,10
681,17173,NaN,5,6,9,24
682,17175,NaN,1,2,4,8
683,17177,NaN,13,18,20,48
684,17179,NaN,89,100,232,288
685,17181,NaN,3,3,10,20
686,17183,NaN,52,61,169,171
687,17185,NaN,2,2,7,18
688,17187,NaN,5,5,10,28
689,17189,NaN,3,2,11,15
690,17191,NaN,6,7,9,22
691,17193,NaN,2,3,8,19
692,17195,NaN,34,39,36,84
693,17197,NaN,685,906,1353,1980
694,17199,NaN,26,26,53,132
695,17201,NaN,159,226,418,417
696,17203,NaN,25,30,64,91
697,18001,NaN,5,5,20,40
698,18003,NaN,82,135,240,468
699,18005,NaN,13,14,41,111
700,18007,NaN,1,2,7,10
701,18009,NaN,1,1,6,13
702,18011,NaN,26,34,52,123
703,18013,NaN,1,2,8,10
704,18015,NaN,3,7,18,34
705,18017,NaN,7,14,24,33
706,18019,NaN,27,42,75,149
707,18021,NaN,2,3,17,31
708,18023,NaN,6,6,41,41
709,18025,NaN,1,2,6,12
710,18027,NaN,4,3,29,31
711,18029,NaN,9,14,34,72
712,18031,NaN,2,6,16,38
713,18033,NaN,8,9,32,47
714,18035,NaN,20,23,56,118
715,18037,NaN,4,10,30,43
716,18039,NaN,27,46,112,219
717,18041,NaN,3,7,19,28
718,18043,NaN,19,26,35,89
719,18045,NaN,7,10,17,27
720,18047,NaN,2,6,11,29
721,18049,NaN,4,6,18,25
722,18051,NaN,5,6,26,47
723,18053,NaN,12,20,50,72
724,18055,NaN,4,6,18,33
725,18057,NaN,76,128,205,393
726,18059,NaN,17,23,59,122
727,18061,NaN,6,9,20,42
728,18063,NaN,20,39,79,197
729,18065,NaN,11,11,34,56
730,18067,NaN,14,25,57,86
731,18069,NaN,6,7,34,46
732,18071,NaN,5,10,22,51
733,18073,NaN,6,8,24,46
734,18075,NaN,3,4,14,27
735,18077,NaN,3,5,24,49
736,18079,NaN,2,6,19,33
737,18081,NaN,22,38,102,206
738,18083,NaN,5,6,23,43
739,18085,NaN,14,15,42,96
740,18087,NaN,3,2,19,33
741,18089,NaN,101,191,282,663
742,18091,NaN,31,35,77,140
743,18093,NaN,9,11,28,65
744,18095,NaN,27,41,72,164
745,18097,NaN,141,313,482,1066
746,18099,NaN,7,9,51,54
747,18101,NaN,1,1,10,14
748,18103,NaN,4,7,36,35
749,18105,NaN,49,70,133,178
750,18107,NaN,4,12,26,42
751,18109,NaN,9,12,38,98
752,18111,NaN,2,5,7,14
753,18113,NaN,6,11,43,52
754,18115,NaN,1,1,5,11
755,18117,NaN,2,4,11,29
756,18119,NaN,3,6,17,30
757,18121,NaN,1,1,8,19
758,18123,NaN,1,5,14,23
759,18125,NaN,1,1,8,22
760,18127,NaN,53,90,100,238
761,18129,NaN,3,3,11,27
762,18131,NaN,3,3,9,15
763,18133,NaN,5,8,21,35
764,18135,NaN,3,5,12,25
765,18137,NaN,5,6,15,30
766,18139,NaN,1,1,8,13
767,18141,NaN,73,145,177,468
768,18143,NaN,3,5,13,31
769,18145,NaN,5,15,36,75
770,18147,NaN,2,5,13,23
771,18149,NaN,5,5,13,25
772,18151,NaN,4,5,18,38
773,18153,NaN,3,7,9,30
774,18155,NaN,1,2,5,11
775,18157,NaN,72,138,188,347
776,18159,NaN,2,3,15,14
777,18161,NaN,1,1,3,13
778,18163,NaN,30,31,103,269
779,18165,NaN,2,3,9,19
780,18167,NaN,13,26,52,128
781,18169,NaN,3,7,19,26
782,18171,NaN,1,3,10,11
783,18173,NaN,10,13,33,77
784,18175,NaN,3,5,12,30
785,18177,NaN,8,13,39,84
786,18179,NaN,5,6,23,32
787,18181,NaN,7,8,18,25
788,18183,NaN,6,6,38,35
789,19001,NaN,0,0,3,5
790,19003,NaN,0,0,1,5
791,19005,NaN,3,5,11,13
792,19007,NaN,2,3,4,7
793,19009,NaN,2,0,3,6
794,19011,NaN,9,9,18,21
795,19013,NaN,47,48,93,179
796,19015,NaN,10,6,9,21
797,19017,NaN,9,5,17,20
798,19019,NaN,7,6,13,18
799,19021,NaN,2,3,9,20
800,19023,NaN,2,3,7,12
801,19025,NaN,2,2,8,13
802,19027,NaN,5,4,14,20
803,19029,NaN,4,3,7,12
804,19031,NaN,6,5,6,17
805,19033,NaN,10,9,24,40
806,19035,NaN,3,2,8,5
807,19037,NaN,4,3,7,8
808,19039,NaN,2,2,5,6
809,19041,NaN,2,2,5,15
810,19043,NaN,5,5,9,14
811,19045,NaN,14,11,28,48
812,19047,NaN,2,3,21,19
813,19049,NaN,40,48,51,134
814,19051,NaN,1,1,5,5
815,19053,NaN,1,1,3,2
816,19055,NaN,5,5,12,14
817,19057,NaN,15,9,26,51
818,19059,NaN,2,3,8,14
819,19061,NaN,30,37,65,98
820,19063,NaN,2,2,8,8
821,19065,NaN,7,5,9,18
822,19067,NaN,4,4,11,19
823,19069,NaN,1,5,8,13
824,19071,NaN,9,0,14,10
825,19073,NaN,5,4,6,17
826,19075,NaN,1,1,7,8
827,19077,NaN,2,3,4,9
828,19079,NaN,3,3,7,10
829,19081,NaN,3,3,7,5
830,19083,NaN,5,5,9,14
831,19085,NaN,3,3,7,13
832,19087,NaN,3,4,16,22
833,19089,NaN,1,1,4,7
834,19091,NaN,1,1,6,5
835,19093,NaN,6,3,12,7
836,19095,NaN,6,7,8,25
837,19097,NaN,3,2,9,16
838,19099,NaN,7,10,19,30
839,19101,NaN,6,3,10,13
840,19103,NaN,132,238,326,320
841,19105,NaN,8,6,13,24
842,19107,NaN,15,7,21,24
843,19109,NaN,1,1,4,10
844,19111,NaN,10,10,30,40
845,19113,NaN,106,175,216,374
846,19115,NaN,4,4,10,11
847,19117,NaN,2,2,6,5
848,19119,NaN,6,3,13,12
849,19121,NaN,5,4,11,13
850,19123,NaN,4,3,12,16
851,19125,NaN,12,9,20,42
852,19127,NaN,10,10,23,30
853,19129,NaN,6,4,11,16
854,19131,NaN,4,4,9,7
855,19133,NaN,1,1,3,4
856,19135,NaN,2,2,6,8
857,19137,NaN,1,1,4,8
858,19139,NaN,12,13,28,44
859,19141,NaN,5,4,11,28
860,19143,NaN,1,0,1,2
861,19145,NaN,5,3,8,10
862,19147,NaN,1,2,3,3
863,19149,NaN,3,3,13,13
864,19151,NaN,3,3,9,8
865,19153,NaN,167,266,189,954
866,19155,NaN,20,18,53,86
867,19157,NaN,4,3,14,16
868,19159,NaN,1,1,2,6
869,19161,NaN,1,1,7,7
870,19163,NaN,51,71,48,280
871,19165,NaN,4,2,8,12
872,19167,NaN,5,5,27,40
873,19169,NaN,25,26,58,83
874,19171,NaN,8,9,9,14
875,19173,NaN,0,0,3,5
876,19175,NaN,1,0,5,7
877,19177,NaN,1,1,4,5
878,19179,NaN,10,11,17,32
879,19181,NaN,12,8,31,41
880,19183,NaN,16,22,34,48
881,19185,NaN,1,0,3,3
882,19187,NaN,7,5,16,37
883,19189,NaN,4,4,7,7
884,19191,NaN,10,10,12,18
885,19193,NaN,16,21,45,93
886,19195,NaN,1,1,4,7
887,19197,NaN,1,1,13,10
888,20001,NaN,1,3,6,19
889,20003,NaN,1,1,4,7
890,20005,NaN,2,2,8,20
891,20007,NaN,0,0,1,5
892,20009,NaN,2,4,14,30
893,20011,NaN,1,1,6,23
894,20013,NaN,1,0,4,10
895,20015,NaN,10,15,38,94
896,20017,NaN,0,0,2,3
897,20019,NaN,0,0,2,2
898,20021,NaN,2,2,9,46
899,20023,NaN,0,0,1,2
900,20025,NaN,0,0,3,2
901,20027,NaN,1,0,3,11
902,20029,NaN,0,0,5,7
903,20031,NaN,1,1,4,7
904,20033,NaN,0,0,2,1
905,20035,NaN,3,5,27,36
906,20037,NaN,3,4,22,57
907,20039,NaN,0,0,2,2
908,20041,NaN,1,3,10,24
909,20043,NaN,0,1,5,11
910,20045,NaN,14,25,60,107
911,20047,NaN,0,0,1,2
912,20049,NaN,0,0,1,3
913,20051,NaN,3,2,12,33
914,20053,NaN,0,0,3,8
915,20055,NaN,3,4,23,37
916,20057,NaN,4,5,20,47
917,20059,NaN,4,4,17,35
918,20061,NaN,3,4,24,47
919,20063,NaN,0,0,0,4
920,20065,NaN,0,0,0,3
921,20067,NaN,0,1,4,7
922,20069,NaN,0,0,5,4
923,20071,NaN,0,0,0,1
924,20073,NaN,1,1,3,10
925,20075,NaN,0,0,1,1
926,20077,NaN,0,1,2,7
927,20079,NaN,2,3,24,38
928,20081,NaN,0,0,2,4
929,20083,NaN,0,0,1,1
930,20085,NaN,1,1,10,13
931,20087,NaN,3,2,10,23
932,20089,NaN,0,0,1,3
933,20091,NaN,91,218,387,816
934,20093,NaN,0,0,2,2
935,20095,NaN,0,1,5,6
936,20097,NaN,0,0,0,5
937,20099,NaN,1,1,8,14
938,20101,NaN,0,0,1,0
939,20103,NaN,8,13,39,76
940,20105,NaN,0,0,1,1
941,20107,NaN,1,1,4,14
942,20109,NaN,0,0,2,3
943,20111,NaN,4,5,14,67
944,20113,NaN,3,2,19,33
945,20115,NaN,1,1,7,11
946,20117,NaN,1,1,8,9
947,20119,NaN,0,0,1,4
948,20121,NaN,3,4,15,36
949,20123,NaN,0,0,2,6
950,20125,NaN,2,4,13,41
951,20127,NaN,1,1,4,8
952,20129,NaN,0,0,1,1
953,20131,NaN,1,1,6,11
954,20133,NaN,1,2,7,15
955,20135,NaN,0,0,1,2
956,20137,NaN,0,0,3,7
957,20139,NaN,2,3,8,22
958,20141,NaN,0,1,2,3
959,20143,NaN,1,1,4,4
960,20145,NaN,0,0,3,9
961,20147,NaN,0,0,2,5
962,20149,NaN,3,2,16,18
963,20151,NaN,0,0,3,8
964,20153,NaN,0,0,1,2
965,20155,NaN,7,6,37,65
966,20157,NaN,0,0,2,6
967,20159,NaN,1,0,4,9
968,20161,NaN,17,13,62,116
969,20163,NaN,0,0,2,4
970,20165,NaN,0,0,2,3
971,20167,NaN,0,1,3,6
972,20169,NaN,6,3,26,76
973,20171,NaN,0,1,3,4
974,20173,NaN,60,65,309,915
975,20175,NaN,2,3,13,23
976,20177,NaN,21,33,99,250
977,20179,NaN,0,0,1,4
978,20181,NaN,0,0,6,7
979,20183,NaN,0,0,1,4
980,20185,NaN,0,0,1,4
981,20187,NaN,0,0,0,0
982,20189,NaN,0,1,3,6
983,20191,NaN,6,4,22,23
984,20193,NaN,0,0,3,8
985,20195,NaN,0,0,1,2
986,20197,NaN,1,1,3,5
987,20199,NaN,0,0,1,1
988,20201,NaN,0,1,3,7
989,20203,NaN,0,0,1,2
990,20205,NaN,1,2,4,11
991,20207,NaN,0,0,0,3
992,20209,NaN,21,26,97,150
993,21001,NaN,6,14,41,34
994,21003,NaN,3,5,17,33
995,21005,NaN,19,19,54,50
996,21007,NaN,11,13,22,41
997,21009,NaN,4,14,50,47
998,21011,NaN,33,42,87,32
999,21013,NaN,5,6,17,33
1000,21015,NaN,74,93,199,239
1001,21017,NaN,5,4,10,26
1002,21019,NaN,15,9,35,52
1003,21021,NaN,10,9,11,42
1004,21023,NaN,5,8,18,20
1005,21025,NaN,15,17,31,33
1006,21027,NaN,11,6,28,18
1007,21029,NaN,120,231,364,306
1008,21031,NaN,2,1,3,17
1009,21033,NaN,1,0,26,21
1010,21035,NaN,42,17,95,161
1011,21037,NaN,38,54,129,150
1012,21039,NaN,8,10,15,25
1013,21041,NaN,4,2,14,14
1014,21043,NaN,12,9,23,38
1015,21045,NaN,2,7,45,34
1016,21047,NaN,14,11,57,74
1017,21049,NaN,12,31,63,45
1018,21051,NaN,3,5,14,30
1019,21053,NaN,6,27,36,21
1020,21055,NaN,1,1,15,12
1021,21057,NaN,2,6,16,12
1022,21059,NaN,22,19,60,143
1023,21061,NaN,2,2,5,21
1024,21063,NaN,17,16,38,33
1025,21065,NaN,1,0,10,25
1026,21067,NaN,123,114,312,443
1027,21069,NaN,13,23,29,45
1028,21071,NaN,9,14,21,70
1029,21073,NaN,29,40,95,123
1030,21075,NaN,4,9,8,9
1031,21077,NaN,3,5,12,16
1032,21079,NaN,3,3,13,20
1033,21081,NaN,24,24,69,33
1034,21083,NaN,3,2,16,51
1035,21085,NaN,3,5,9,34
1036,21087,NaN,4,12,28,14
1037,21089,NaN,4,6,17,43
1038,21091,NaN,5,3,14,14
1039,21093,NaN,40,37,91,190
1040,21095,NaN,6,6,19,46
1041,21097,NaN,19,31,43,64
1042,21099,NaN,3,4,24,22
1043,21101,NaN,31,32,44,85
1044,21103,NaN,3,2,13,31
1045,21105,NaN,4,5,11,16
1046,21107,NaN,11,4,31,42
1047,21109,NaN,2,3,16,20
1048,21111,NaN,221,227,621,847
1049,21113,NaN,10,5,35,67
1050,21115,NaN,24,37,34,65
1051,21117,NaN,112,129,243,332
1052,21119,NaN,11,3,19,37
1053,21121,NaN,7,9,33,63
1054,21123,NaN,1,2,12,13
1055,21125,NaN,237,400,482,769
1056,21127,NaN,3,3,8,21
1057,21129,NaN,7,11,1,17
1058,21131,NaN,5,10,5,22
1059,21133,NaN,12,13,42,44
1060,21135,NaN,4,4,11,28
1061,21137,NaN,15,14,40,39
1062,21139,NaN,0,5,29,10
1063,21141,NaN,3,15,25,25
1064,21143,NaN,0,0,8,10
1065,21145,NaN,98,178,278,423
1066,21147,NaN,5,22,44,21
1067,21149,NaN,3,3,8,15
1068,21151,NaN,24,31,47,125
1069,21153,NaN,2,4,18,16
1070,21155,NaN,3,8,22,34
1071,21157,NaN,2,2,22,30
1072,21159,NaN,2,2,7,12
1073,21161,NaN,17,18,46,49
1074,21163,NaN,3,3,24,30
1075,21165,NaN,14,17,30,12
1076,21167,NaN,9,7,15,32
1077,21169,NaN,3,5,8,13
1078,21171,NaN,0,1,7,10
1079,21173,NaN,83,111,174,209
1080,21175,NaN,40,43,80,40
1081,21177,NaN,12,9,26,53
1082,21179,NaN,16,13,31,64
1083,21181,NaN,16,24,25,33
1084,21183,NaN,4,4,19,41
1085,21185,NaN,23,23,54,79
1086,21187,NaN,3,1,12,12
1087,21189,NaN,0,1,3,5
1088,21191,NaN,2,7,17,26
1089,21193,NaN,30,43,48,127
1090,21195,NaN,31,24,60,71
1091,21197,NaN,4,2,10,20
1092,21199,NaN,32,71,177,187
1093,21201,NaN,2,1,5,3
1094,21203,NaN,3,2,9,22
1095,21205,NaN,20,29,47,55
1096,21207,NaN,6,6,30,30
1097,21209,NaN,152,221,368,538
1098,21211,NaN,7,7,43,51
1099,21213,NaN,1,2,13,22
1100,21215,NaN,6,5,22,29
1101,21217,NaN,19,46,51,94
1102,21219,NaN,2,5,14,16
1103,21221,NaN,1,7,58,38
1104,21223,NaN,4,3,17,20
1105,21225,NaN,3,3,12,12
1106,21227,NaN,23,32,100,166
1107,21229,NaN,10,6,16,30
1108,21231,NaN,10,31,73,40
1109,21233,NaN,3,1,11,11
1110,21235,NaN,43,28,100,114
1111,21237,NaN,5,5,8,19
1112,21239,NaN,17,9,32,35
1113,22001,NaN,14,23,87,126
1114,22003,NaN,3,10,22,61
1115,22005,NaN,28,33,117,184
1116,22007,NaN,3,5,21,58
1117,22009,NaN,6,6,28,105
1118,22011,NaN,4,6,32,76
1119,22013,NaN,2,4,10,29
1120,22015,NaN,19,20,90,211
1121,22017,NaN,42,58,156,430
1122,22019,NaN,35,48,162,319
1123,22021,NaN,14,28,13,53
1124,22023,NaN,0,0,5,6
1125,22025,NaN,1,0,6,18
1126,22027,NaN,1,2,10,19
1127,22029,NaN,4,3,26,39
1128,22031,NaN,5,5,29,67
1129,22033,NaN,77,136,307,626
1130,22035,NaN,1,1,5,3
1131,22037,NaN,3,6,17,32
1132,22039,NaN,5,4,24,60
1133,22041,NaN,3,5,9,8
1134,22043,NaN,3,3,8,28
1135,22045,NaN,10,11,96,110
1136,22047,NaN,4,9,29,59
1137,22049,NaN,5,6,15,16
1138,22051,NaN,156,238,476,852
1139,22053,NaN,4,3,28,50
1140,22055,NaN,150,36,805,565
1141,22057,NaN,18,31,62,113
1142,22059,NaN,9,9,26,42
1143,22061,NaN,7,8,33,60
1144,22063,NaN,25,25,111,143
1145,22065,NaN,1,0,9,12
1146,22067,NaN,4,3,19,30
1147,22069,NaN,7,9,44,56
1148,22071,NaN,194,266,451,1012
1149,22073,NaN,43,57,97,304
1150,22075,NaN,8,14,27,45
1151,22077,NaN,2,4,16,37
1152,22079,NaN,14,15,78,184
1153,22081,NaN,2,1,15,24
1154,22083,NaN,8,8,14,14
1155,22085,NaN,2,4,23,40
1156,22087,NaN,16,15,54,105
1157,22089,NaN,11,20,58,105
1158,22091,NaN,1,1,4,8
1159,22093,NaN,3,9,14,42
1160,22095,NaN,10,15,45,96
1161,22097,NaN,19,22,94,117
1162,22099,NaN,10,12,60,86
1163,22101,NaN,11,15,64,77
1164,22103,NaN,76,135,229,513
1165,22105,NaN,21,26,96,176
1166,22107,NaN,0,1,5,3
1167,22109,NaN,15,24,90,128
1168,22111,NaN,3,4,17,23
1169,22113,NaN,33,6,164,141
1170,22115,NaN,7,3,36,84
1171,22117,NaN,6,9,26,65
1172,22119,NaN,5,6,24,55
1173,22121,NaN,7,5,26,53
1174,22123,NaN,2,2,6,12
1175,22125,NaN,1,1,7,15
1176,22127,NaN,1,1,13,24
1177,23001,NaN,92,139,37,109
1178,23003,NaN,205,290,162,126
1179,23005,NaN,467,728,391,440
1180,23007,NaN,45,56,33,27
1181,23009,NaN,57,68,54,42
1182,23011,NaN,176,249,213,301
1183,23013,NaN,55,56,52,60
1184,23015,NaN,39,53,32,31
1185,23017,NaN,77,87,93,56
1186,23019,NaN,342,425,269,344
1187,23021,NaN,19,21,11,22
1188,23023,NaN,50,61,60,69
1189,23025,NaN,71,88,79,131
1190,23027,NaN,42,46,38,53
1191,23029,NaN,38,49,32,53
1192,23031,NaN,268,359,236,193
1193,24001,NaN,20,16,34,77
1194,24003,NaN,329,479,649,1670
1195,24005,NaN,456,723,1259,2041
1196,24009,NaN,32,38,67,141
1197,24011,NaN,9,13,21,45
1198,24013,NaN,74,86,143,219
1199,24015,NaN,48,63,97,143
1200,24017,NaN,131,242,475,870
1201,24019,NaN,15,19,26,79
1202,24021,NaN,137,181,223,612
1203,24023,NaN,5,2,19,19
1204,24025,NaN,111,171,217,435
1205,24027,NaN,202,262,437,580
1206,24029,NaN,4,5,15,20
1207,24031,NaN,1133,1677,3304,7839
1208,24033,NaN,597,1122,2551,4294
1209,24035,NaN,22,25,44,61
1210,24037,NaN,52,71,133,178
1211,24039,NaN,9,12,21,59
1212,24041,NaN,15,14,32,34
1213,24043,NaN,38,47,75,150
1214,24045,NaN,29,39,59,135
1215,24047,NaN,17,23,52,80
1216,24510,NaN,430,592,1051,2292
1217,25001,NaN,301,441,834,385
1218,25003,NaN,254,308,408,594
1219,25005,NaN,529,840,981,1546
1220,25007,NaN,0,0,0,4
1221,25009,NaN,1137,1709,2745,2599
1222,25011,NaN,113,129,219,321
1223,25013,NaN,653,992,1265,1781
1224,25015,NaN,404,606,623,895
1225,25017,NaN,3508,4636,8596,6663
1226,25019,NaN,0,0,0,1
1227,25021,NaN,1212,1838,2811,3448
1228,25023,NaN,590,924,1168,1652
1229,25025,NaN,2046,2927,4973,5353
1230,25027,NaN,1158,1839,2823,2819
1231,26001,NaN,3,1,6,6
1232,26003,NaN,2,1,7,7
1233,26005,NaN,45,30,109,127
1234,26007,NaN,36,17,60,56
1235,26009,NaN,16,7,18,30
1236,26011,NaN,3,2,8,12
1237,26013,NaN,1,1,6,10
1238,26015,NaN,15,16,52,65
1239,26017,NaN,33,39,80,124
1240,26019,NaN,5,2,16,16
1241,26021,NaN,76,108,201,287
1242,26023,NaN,14,13,53,51
1243,26025,NaN,60,78,152,164
1244,26027,NaN,13,11,35,56
1245,26029,NaN,4,3,19,26
1246,26031,NaN,11,11,16,22
1247,26033,NaN,17,15,33,41
1248,26035,NaN,7,6,23,22
1249,26037,NaN,40,58,68,139
1250,26039,NaN,6,6,14,13
1251,26041,NaN,6,5,19,38
1252,26043,NaN,4,2,17,21
1253,26045,NaN,69,72,105,163
1254,26047,NaN,16,7,28,29
1255,26049,NaN,174,238,458,520
1256,26051,NaN,2,3,12,14
1257,26053,NaN,4,2,14,16
1258,26055,NaN,46,53,102,108
1259,26057,NaN,14,9,27,61
1260,26059,NaN,7,7,22,43
1261,26061,NaN,12,8,43,42
1262,26063,NaN,5,6,23,38
1263,26065,NaN,182,239,354,465
1264,26067,NaN,30,34,75,80
1265,26069,NaN,6,3,14,15
1266,26071,NaN,1,1,8,13
1267,26073,NaN,26,30,47,79
1268,26075,NaN,77,67,149,208
1269,26077,NaN,168,241,349,306
1270,26079,NaN,5,4,12,18
1271,26081,NaN,248,343,651,1040
1272,26083,NaN,0,1,2,2
1273,26085,NaN,1,1,5,7
1274,26087,NaN,31,33,60,93
1275,26089,NaN,9,7,20,16
1276,26091,NaN,50,62,86,152
1277,26093,NaN,135,198,310,372
1278,26095,NaN,1,1,3,6
1279,26097,NaN,2,4,10,11
1280,26099,NaN,796,1371,1940,1771
1281,26101,NaN,6,5,11,20
1282,26103,NaN,22,21,39,76
1283,26105,NaN,13,8,22,56
1284,26107,NaN,9,8,28,41
1285,26109,NaN,3,4,21,19
1286,26111,NaN,27,21,59,94
1287,26113,NaN,4,3,17,12
1288,26115,NaN,65,88,148,301
1289,26117,NaN,22,17,45,80
1290,26119,NaN,1,1,5,12
1291,26121,NaN,82,120,192,228
1292,26123,NaN,13,13,28,52
1293,26125,NaN,1366,2624,3308,5833
1294,26127,NaN,6,5,19,36
1295,26129,NaN,4,4,9,14
1296,26131,NaN,2,2,6,6
1297,26133,NaN,10,8,19,19
1298,26135,NaN,1,1,5,6
1299,26137,NaN,9,5,17,22
1300,26139,NaN,151,237,355,580
1301,26141,NaN,2,3,8,14
1302,26143,NaN,7,4,15,19
1303,26145,NaN,71,110,173,244
1304,26147,NaN,104,140,290,245
1305,26149,NaN,26,30,42,96
1306,26151,NaN,14,15,17,54
1307,26153,NaN,1,1,2,5
1308,26155,NaN,28,31,51,90
1309,26157,NaN,8,5,31,47
1310,26159,NaN,28,35,68,108
1311,26161,NaN,769,1102,1642,1717
1312,26163,NaN,1314,2502,3499,4715
1313,26165,NaN,11,6,28,33
1314,27001,NaN,7,4,11,20
1315,27003,NaN,197,258,472,772
1316,27005,NaN,14,13,21,44
1317,27007,NaN,29,7,67,75
1318,27009,NaN,21,14,36,78
1319,27011,NaN,3,3,4,7
1320,27013,NaN,70,57,81,176
1321,27015,NaN,8,10,12,31
1322,27017,NaN,21,26,22,62
1323,27019,NaN,66,57,117,180
1324,27021,NaN,17,6,36,47
1325,27023,NaN,6,5,5,16
1326,27025,NaN,24,21,38,84
1327,27027,NaN,31,21,33,96
1328,27029,NaN,2,1,6,7
1329,27031,NaN,2,2,5,6
1330,27033,NaN,5,3,7,12
1331,27035,NaN,35,32,59,108
1332,27037,NaN,332,403,626,1178
1333,27039,NaN,14,15,23,33
1334,27041,NaN,23,23,32,49
1335,27043,NaN,6,9,18,21
1336,27045,NaN,10,6,19,35
1337,27047,NaN,22,21,25,58
1338,27049,NaN,51,57,66,176
1339,27051,NaN,3,2,4,9
1340,27053,NaN,1327,1993,2915,4725
1341,27055,NaN,11,11,13,23
1342,27057,NaN,11,8,16,27
1343,27059,NaN,11,9,25,68
1344,27061,NaN,14,12,31,49
1345,27063,NaN,1,1,5,10
1346,27065,NaN,15,17,24,44
1347,27067,NaN,10,5,34,44
1348,27069,NaN,0,1,3,3
1349,27071,NaN,5,3,11,15
1350,27073,NaN,2,1,3,5
1351,27075,NaN,5,2,8,15
1352,27077,NaN,1,0,2,3
1353,27079,NaN,12,12,15,34
1354,27081,NaN,1,1,4,4
1355,27083,NaN,6,5,21,27
1356,27085,NaN,16,19,29,56
1357,27087,NaN,6,2,3,9
1358,27089,NaN,2,1,7,8
1359,27091,NaN,7,8,15,22
1360,27093,NaN,7,3,27,23
1361,27095,NaN,13,10,19,43
1362,27097,NaN,15,16,22,42
1363,27099,NaN,20,23,34,60
1364,27101,NaN,1,0,4,6
1365,27103,NaN,15,8,24,54
1366,27105,NaN,10,9,19,27
1367,27107,NaN,2,1,4,9
1368,27109,NaN,243,339,533,490
1369,27111,NaN,27,14,44,100
1370,27113,NaN,10,9,12,20
1371,27115,NaN,14,14,20,33
1372,27117,NaN,2,2,7,7
1373,27119,NaN,8,1,43,29
1374,27121,NaN,3,1,12,18
1375,27123,NaN,495,679,1093,1621
1376,27125,NaN,2,1,4,4
1377,27127,NaN,18,14,37,40
1378,27129,NaN,4,2,16,17
1379,27131,NaN,31,24,56,114
1380,27133,NaN,2,1,6,10
1381,27135,NaN,2,1,16,19
1382,27137,NaN,137,153,245,398
1383,27139,NaN,89,118,121,393
1384,27141,NaN,41,52,74,134
1385,27143,NaN,7,8,11,23
1386,27145,NaN,93,92,125,377
1387,27147,NaN,40,44,67,92
1388,27149,NaN,3,2,7,14
1389,27151,NaN,2,1,8,10
1390,27153,NaN,15,11,20,32
1391,27155,NaN,2,0,5,6
1392,27157,NaN,14,16,21,38
1393,27159,NaN,5,1,16,17
1394,27161,NaN,25,35,42,66
1395,27163,NaN,226,254,389,672
1396,27165,NaN,2,1,7,13
1397,27167,NaN,1,0,5,7
1398,27169,NaN,47,47,44,84
1399,27171,NaN,75,77,166,331
1400,27173,NaN,5,3,7,13
1401,28001,NaN,13,19,39,101
1402,28003,NaN,14,31,31,96
1403,28005,NaN,4,3,12,24
1404,28007,NaN,9,15,4,44
1405,28009,NaN,1,0,9,12
1406,28011,NaN,8,7,19,38
1407,28013,NaN,2,3,9,9
1408,28015,NaN,0,0,5,12
1409,28017,NaN,2,3,8,16
1410,28019,NaN,17,21,20,36
1411,28021,NaN,1,1,9,16
1412,28023,NaN,3,2,8,24
1413,28025,NaN,5,4,17,42
1414,28027,NaN,4,10,18,42
1415,28029,NaN,11,14,21,60
1416,28031,NaN,3,7,21,41
1417,28033,NaN,45,91,198,477
1418,28035,NaN,19,28,100,137
1419,28037,NaN,1,1,9,7
1420,28039,NaN,5,2,30,47
1421,28041,NaN,1,3,6,24
1422,28043,NaN,4,4,13,39
1423,28045,NaN,11,16,45,130
1424,28047,NaN,45,77,136,503
1425,28049,NaN,71,149,284,570
1426,28051,NaN,1,2,8,18
1427,28053,NaN,2,5,8,17
1428,28055,NaN,0,0,1,2
1429,28057,NaN,4,11,24,40
1430,28059,NaN,36,52,137,336
1431,28061,NaN,23,26,65,51
1432,28063,NaN,4,1,33,15
1433,28065,NaN,1,2,11,17
1434,28067,NaN,13,16,48,109
1435,28069,NaN,5,8,15,17
1436,28071,NaN,32,59,173,98
1437,28073,NaN,20,25,71,105
1438,28075,NaN,29,31,94,103
1439,28077,NaN,3,4,9,20
1440,28079,NaN,7,7,13,40
1441,28081,NaN,17,24,59,102
1442,28083,NaN,6,6,24,61
1443,28085,NaN,5,6,25,67
1444,28087,NaN,10,8,45,117
1445,28089,NaN,31,35,96,225
1446,28091,NaN,4,5,18,47
1447,28093,NaN,5,5,28,66
1448,28095,NaN,5,8,23,54
1449,28097,NaN,2,2,5,10
1450,28099,NaN,6,6,16,36
1451,28101,NaN,11,14,24,30
1452,28103,NaN,1,0,7,15
1453,28105,NaN,12,10,32,107
1454,28107,NaN,19,12,50,125
1455,28109,NaN,30,35,94,190
1456,28111,NaN,1,2,6,17
1457,28113,NaN,9,10,38,83
1458,28115,NaN,6,5,12,42
1459,28117,NaN,5,7,14,32
1460,28119,NaN,4,3,16,20
1461,28121,NaN,33,40,126,302
1462,28123,NaN,13,22,31,68
1463,28125,NaN,0,0,2,6
1464,28127,NaN,11,10,32,73
1465,28129,NaN,5,6,15,42
1466,28131,NaN,2,3,17,33
1467,28133,NaN,5,5,19,26
1468,28135,NaN,7,4,35,15
1469,28137,NaN,12,8,23,52
1470,28139,NaN,6,9,27,40
1471,28141,NaN,4,8,12,29
1472,28143,NaN,12,11,41,50
1473,28145,NaN,6,6,25,43
1474,28147,NaN,2,4,12,33
1475,28149,NaN,8,14,38,93
1476,28151,NaN,32,24,47,89
1477,28153,NaN,3,1,19,32
1478,28155,NaN,1,0,1,6
1479,28157,NaN,1,1,9,20
1480,28159,NaN,5,5,10,29
1481,28161,NaN,8,8,32,33
1482,28163,NaN,5,10,26,75
1483,29001,NaN,2,3,23,20
1484,29003,NaN,2,3,42,19
1485,29005,NaN,0,0,3,7
1486,29007,NaN,2,4,38,22
1487,29009,NaN,3,2,32,27
1488,29011,NaN,2,2,20,10
1489,29013,NaN,1,1,12,10
1490,29015,NaN,2,4,25,23
1491,29017,NaN,1,4,24,10
1492,29019,NaN,15,17,184,184
1493,29021,NaN,7,7,151,114
1494,29023,NaN,3,20,75,62
1495,29025,NaN,1,2,15,6
1496,29027,NaN,3,6,63,48
1497,29029,NaN,3,3,30,36
1498,29031,NaN,7,19,128,79
1499,29033,NaN,1,1,9,12
1500,29035,NaN,0,1,4,4
1501,29037,NaN,9,15,138,71
1502,29039,NaN,1,3,11,14
1503,29041,NaN,0,1,10,7
1504,29043,NaN,7,7,70,106
1505,29045,NaN,1,1,6,6
1506,29047,NaN,20,20,209,168
1507,29049,NaN,1,3,47,24
1508,29051,NaN,6,5,45,75
1509,29053,NaN,1,1,9,16
1510,29055,NaN,2,3,23,27
1511,29057,NaN,0,2,14,6
1512,29059,NaN,2,3,27,18
1513,29061,NaN,1,1,21,8
1514,29063,NaN,0,1,17,9
1515,29065,NaN,1,2,32,15
1516,29067,NaN,1,1,14,10
1517,29069,NaN,2,16,60,48
1518,29071,NaN,8,11,109,91
1519,29073,NaN,1,1,21,12
1520,29075,NaN,0,1,9,5
1521,29077,NaN,25,29,237,299
1522,29079,NaN,2,2,14,14
1523,29081,NaN,0,2,11,5
1524,29083,NaN,2,3,31,20
1525,29085,NaN,1,2,9,3
1526,29087,NaN,0,0,5,4
1527,29089,NaN,0,1,9,6
1528,29091,NaN,3,9,62,42
1529,29093,NaN,1,1,22,11
1530,29095,NaN,142,119,678,937
1531,29097,NaN,10,12,92,164
1532,29099,NaN,18,29,124,279
1533,29101,NaN,5,6,52,50
1534,29103,NaN,0,2,9,10
1535,29105,NaN,3,3,34,25
1536,29107,NaN,3,3,30,24
1537,29109,NaN,3,4,52,39
1538,29111,NaN,0,0,20,10
1539,29113,NaN,5,4,34,57
1540,29115,NaN,1,1,19,6
1541,29117,NaN,1,1,33,20
1542,29119,NaN,2,7,76,24
1543,29121,NaN,1,1,29,15
1544,29123,NaN,0,5,28,12
1545,29125,NaN,1,0,5,7
1546,29127,NaN,2,1,34,30
1547,29129,NaN,0,0,3,2
1548,29131,NaN,2,2,38,18
1549,29133,NaN,1,7,22,11
1550,29135,NaN,1,1,11,10
1551,29137,NaN,0,1,11,11
1552,29139,NaN,1,7,24,39
1553,29141,NaN,1,2,20,16
1554,29143,NaN,1,5,16,18
1555,29145,NaN,5,5,41,72
1556,29147,NaN,6,5,20,25
1557,29149,NaN,1,0,6,10
1558,29151,NaN,1,1,10,10
1559,29153,NaN,0,2,10,3
1560,29155,NaN,1,4,21,12
1561,29157,NaN,2,6,24,24
1562,29159,NaN,6,22,84,70
1563,29161,NaN,4,5,81,30
1564,29163,NaN,1,1,16,10
1565,29165,NaN,7,9,65,60
1566,29167,NaN,3,5,44,37
1567,29169,NaN,4,7,45,47
1568,29171,NaN,0,1,6,6
1569,29173,NaN,0,1,21,11
1570,29175,NaN,2,2,29,20
1571,29177,NaN,2,2,25,18
1572,29179,NaN,0,1,6,4
1573,29181,NaN,1,3,19,7
1574,29183,NaN,33,40,271,548
1575,29185,NaN,0,1,14,10
1576,29186,NaN,1,1,11,16
1577,29187,NaN,7,11,86,49
1578,29189,NaN,619,485,1624,2736
1579,29195,NaN,2,2,23,23
1580,29197,NaN,0,1,6,2
1581,29199,NaN,0,0,1,2
1582,29201,NaN,3,5,23,37
1583,29203,NaN,0,1,7,7
1584,29205,NaN,1,2,10,19
1585,29207,NaN,2,4,25,21
1586,29209,NaN,3,3,28,20
1587,29211,NaN,0,0,4,6
1588,29213,NaN,5,5,56,62
1589,29215,NaN,1,2,28,24
1590,29217,NaN,2,4,23,18
1591,29219,NaN,3,2,41,32
1592,29221,NaN,4,5,41,25
1593,29223,NaN,1,3,18,9
1594,29225,NaN,3,3,48,43
1595,29227,NaN,0,0,1,1
1596,29229,NaN,1,2,23,11
1597,29510,NaN,28,35,650,330
1598,30001,NaN,1,1,10,7
1599,30003,NaN,3,3,9,15
1600,30005,NaN,1,2,3,9
1601,30007,NaN,1,0,4,5
1602,30009,NaN,4,3,9,6
1603,30011,NaN,0,0,1,1
1604,30013,NaN,18,15,12,45
1605,30015,NaN,2,2,5,8
1606,30017,NaN,3,2,7,6
1607,30019,NaN,0,0,0,1
1608,30021,NaN,1,1,3,8
1609,30023,NaN,3,2,6,4
1610,30025,NaN,0,0,2,3
1611,30027,NaN,1,2,7,6
1612,30029,NaN,23,10,54,121
1613,30031,NaN,39,39,79,106
1614,30033,NaN,0,0,1,1
1615,30035,NaN,3,1,5,11
1616,30037,NaN,0,0,0,0
1617,30039,NaN,0,0,3,1
1618,30041,NaN,4,3,7,18
1619,30043,NaN,2,2,10,13
1620,30045,NaN,0,0,2,1
1621,30047,NaN,6,3,15,18
1622,30049,NaN,14,11,40,72
1623,30051,NaN,0,0,2,1
1624,30053,NaN,5,3,11,13
1625,30055,NaN,0,0,0,1
1626,30057,NaN,1,1,5,5
1627,30059,NaN,0,0,1,1
1628,30061,NaN,2,3,6,6
1629,30063,NaN,52,50,92,165
1630,30065,NaN,0,1,2,5
1631,30067,NaN,9,6,10,25
1632,30069,NaN,0,0,0,0
1633,30071,NaN,0,0,3,3
1634,30073,NaN,2,1,8,7
1635,30075,NaN,0,0,2,1
1636,30077,NaN,1,1,5,7
1637,30079,NaN,0,0,0,1
1638,30081,NaN,10,7,27,50
1639,30083,NaN,5,4,11,14
1640,30085,NaN,1,1,4,17
1641,30087,NaN,2,1,2,15
1642,30089,NaN,3,4,9,10
1643,30091,NaN,1,1,2,2
1644,30093,NaN,9,7,25,19
1645,30095,NaN,2,2,9,12
1646,30097,NaN,0,1,1,3
1647,30099,NaN,2,2,5,8
1648,30101,NaN,1,0,3,7
1649,30103,NaN,0,0,0,0
1650,30105,NaN,2,1,5,5
1651,30107,NaN,1,0,3,3
1652,30109,NaN,0,0,0,0
1653,30111,NaN,61,58,84,237
1654,31001,NaN,6,14,17,44
1655,31003,NaN,1,2,3,8
1656,31005,NaN,0,0,0,0
1657,31007,NaN,0,0,1,2
1658,31009,NaN,0,0,1,2
1659,31011,NaN,1,1,3,5
1660,31013,NaN,2,4,3,15
1661,31015,NaN,0,0,1,3
1662,31017,NaN,0,1,1,4
1663,31019,NaN,4,11,9,82
1664,31021,NaN,1,2,3,8
1665,31023,NaN,2,4,3,12
1666,31025,NaN,3,6,4,39
1667,31027,NaN,1,2,5,9
1668,31029,NaN,1,0,2,3
1669,31031,NaN,0,1,2,4
1670,31033,NaN,2,4,2,14
1671,31035,NaN,0,3,3,11
1672,31037,NaN,2,4,8,15
1673,31039,NaN,1,1,4,8
1674,31041,NaN,1,4,5,18
1675,31043,NaN,3,2,4,30
1676,31045,NaN,1,1,5,3
1677,31047,NaN,3,7,5,30
1678,31049,NaN,0,0,1,1
1679,31051,NaN,1,2,4,6
1680,31053,NaN,9,20,10,72
1681,31055,NaN,94,144,120,797
1682,31057,NaN,0,0,0,1
1683,31059,NaN,0,1,1,8
1684,31061,NaN,0,1,2,5
1685,31063,NaN,0,0,0,3
1686,31065,NaN,0,0,1,6
1687,31067,NaN,3,7,10,34
1688,31069,NaN,0,0,1,2
1689,31071,NaN,0,0,1,1
1690,31073,NaN,0,0,0,2
1691,31075,NaN,0,0,0,1
1692,31077,NaN,0,0,2,2
1693,31079,NaN,8,14,11,95
1694,31081,NaN,1,3,2,13
1695,31083,NaN,0,0,2,5
1696,31085,NaN,0,0,1,0
1697,31087,NaN,0,1,0,3
1698,31089,NaN,3,2,4,9
1699,31091,NaN,0,0,1,1
1700,31093,NaN,1,3,2,8
1701,31095,NaN,1,1,2,8
1702,31097,NaN,0,0,3,3
1703,31099,NaN,1,2,3,8
1704,31101,NaN,1,3,2,14
1705,31103,NaN,0,0,1,0
1706,31105,NaN,0,1,0,6
1707,31107,NaN,1,0,3,8
1708,31109,NaN,64,77,113,440
1709,31111,NaN,10,15,5,76
1710,31113,NaN,0,0,0,1
1711,31115,NaN,0,0,0,0
1712,31117,NaN,0,0,0,0
1713,31119,NaN,6,13,5,61
1714,31121,NaN,1,1,2,8
1715,31123,NaN,0,2,3,14
1716,31125,NaN,0,0,2,4
1717,31127,NaN,1,1,4,7
1718,31129,NaN,0,0,1,5
1719,31131,NaN,2,4,4,17
1720,31133,NaN,0,1,2,4
1721,31135,NaN,0,0,1,2
1722,31137,NaN,1,1,1,9
1723,31139,NaN,1,1,4,7
1724,31141,NaN,6,12,6,48
1725,31143,NaN,1,0,1,8
1726,31145,NaN,2,2,2,12
1727,31147,NaN,1,1,3,8
1728,31149,NaN,0,0,0,0
1729,31151,NaN,1,3,2,21
1730,31153,NaN,27,56,46,280
1731,31155,NaN,4,8,6,29
1732,31157,NaN,3,10,3,64
1733,31159,NaN,2,4,4,32
1734,31161,NaN,0,2,5,11
1735,31163,NaN,1,0,2,3
1736,31165,NaN,0,0,1,1
1737,31167,NaN,1,1,3,5
1738,31169,NaN,0,1,1,8
1739,31171,NaN,0,0,1,0
1740,31173,NaN,1,3,2,16
1741,31175,NaN,1,2,2,6
1742,31177,NaN,2,6,5,30
1743,31179,NaN,1,3,8,6
1744,31181,NaN,1,1,2,5
1745,31183,NaN,0,0,0,2
1746,31185,NaN,3,5,4,29
1747,32001,NaN,2,2,38,25
1748,32003,NaN,793,977,2190,5138
1749,32005,NaN,34,55,133,130
1750,32007,NaN,16,14,57,98
1751,32009,NaN,0,0,2,2
1752,32011,NaN,0,0,1,2
1753,32013,NaN,1,1,7,13
1754,32015,NaN,0,0,1,3
1755,32017,NaN,0,0,2,6
1756,32019,NaN,27,31,88,120
1757,32021,NaN,0,2,25,26
1758,32023,NaN,6,4,73,42
1759,32027,NaN,1,1,55,68
1760,32029,NaN,2,2,5,6
1761,32031,NaN,161,239,491,635
1762,32033,NaN,0,0,4,10
1763,32510,NaN,30,39,98,97
1764,33001,NaN,61,76,135,136
1765,33003,NaN,61,83,95,153
1766,33005,NaN,103,160,217,328
1767,33007,NaN,33,43,60,70
1768,33009,NaN,196,281,274,544
1769,33011,NaN,467,629,809,1551
1770,33013,NaN,128,161,240,301
1771,33015,NaN,399,585,726,1366
1772,33017,NaN,192,257,322,395
1773,33019,NaN,32,40,62,88
1774,34001,NaN,300,334,526,1056
1775,34003,NaN,2185,2491,4260,9250
1776,34005,NaN,672,762,1207,1535
1777,34007,NaN,651,673,1180,2040
1778,34009,NaN,128,137,265,497
1779,34011,NaN,110,114,101,270
1780,34013,NaN,1498,1945,2916,6023
1781,34015,NaN,258,309,411,920
1782,34017,NaN,1173,1363,1862,2380
1783,34019,NaN,174,201,352,743
1784,34021,NaN,619,809,1322,1653
1785,34023,NaN,1545,1776,2948,3507
1786,34025,NaN,1324,1400,2412,5115
1787,34027,NaN,981,1221,1851,3942
1788,34029,NaN,881,926,1610,3584
1789,34031,NaN,687,891,993,2583
1790,34033,NaN,41,55,72,138
1791,34035,NaN,633,748,1226,2247
1792,34037,NaN,245,267,417,657
1793,34039,NaN,913,996,1223,1256
1794,34041,NaN,128,98,156,523
1795,35001,NaN,323,345,495,813
1796,35003,NaN,1,1,4,2
1797,35005,NaN,10,12,33,91
1798,35006,NaN,23,32,25,49
1799,35007,NaN,3,3,7,9
1800,35009,NaN,47,36,67,93
1801,35011,NaN,0,0,1,2
1802,35013,NaN,64,93,164,317
1803,35015,NaN,8,11,29,73
1804,35017,NaN,13,10,15,30
1805,35019,NaN,1,1,3,3
1806,35021,NaN,0,0,0,0
1807,35023,NaN,1,3,2,6
1808,35025,NaN,16,14,42,97
1809,35027,NaN,12,8,28,26
1810,35028,NaN,13,18,27,21
1811,35029,NaN,8,11,15,28
1812,35031,NaN,53,65,65,118
1813,35033,NaN,1,1,3,6
1814,35035,NaN,26,32,46,99
1815,35037,NaN,3,3,7,11
1816,35039,NaN,23,23,36,76
1817,35041,NaN,2,4,11,26
1818,35043,NaN,77,73,112,179
1819,35045,NaN,30,42,84,151
1820,35047,NaN,17,17,27,47
1821,35049,NaN,83,90,125,225
1822,35051,NaN,3,5,8,10
1823,35053,NaN,3,3,10,19
1824,35055,NaN,10,10,23,35
1825,35057,NaN,3,4,10,12
1826,35059,NaN,2,1,2,2
1827,35061,NaN,28,22,51,83
1828,36001,NaN,507,654,1331,1342
1829,36003,NaN,28,37,51,64
1830,36005,NaN,1110,1635,2737,6051
1831,36007,NaN,522,701,722,881
1832,36009,NaN,58,88,84,115
1833,36011,NaN,153,186,208,510
1834,36013,NaN,58,71,123,151
1835,36015,NaN,113,159,200,290
1836,36017,NaN,64,82,80,177
1837,36019,NaN,135,180,215,391
1838,36021,NaN,70,92,117,191
1839,36023,NaN,96,118,163,231
1840,36025,NaN,54,64,77,195
1841,36027,NaN,298,462,812,1372
1842,36029,NaN,1892,2926,3400,4490
1843,36031,NaN,52,61,81,131
1844,36033,NaN,56,65,91,186
1845,36035,NaN,113,157,159,364
1846,36037,NaN,63,81,168,157
1847,36039,NaN,47,56,95,148
1848,36041,NaN,7,5,11,16
1849,36043,NaN,162,201,265,488
1850,36045,NaN,128,178,291,284
1851,36047,NaN,3838,5625,8856,28197
1852,36049,NaN,25,34,41,81
1853,36051,NaN,74,107,131,164
1854,36053,NaN,171,207,216,414
1855,36055,NaN,1594,2145,2588,2883
1856,36057,NaN,55,72,110,171
1857,36059,NaN,2726,3902,7558,12743
1858,36061,NaN,4331,5861,8597,19462
1859,36063,NaN,340,436,643,895
1860,36065,NaN,731,881,925,1573
1861,36067,NaN,1397,1645,1846,3808
1862,36069,NaN,205,304,261,421
1863,36071,NaN,526,908,2075,2786
1864,36073,NaN,48,64,84,109
1865,36075,NaN,387,415,373,854
1866,36077,NaN,81,98,129,216
1867,36079,NaN,135,165,316,695
1868,36081,NaN,2667,3920,8013,13219
1869,36083,NaN,246,265,387,532
1870,36085,NaN,770,1172,1946,4459
1871,36087,NaN,483,702,1044,2773
1872,36089,NaN,182,268,302,500
1873,36091,NaN,447,642,897,1105
1874,36093,NaN,220,305,415,715
1875,36095,NaN,26,42,48,87
1876,36097,NaN,38,47,48,79
1877,36099,NaN,57,70,71,177
1878,36101,NaN,142,175,241,206
1879,36103,NaN,2195,3585,5843,9207
1880,36105,NaN,102,157,235,395
1881,36107,NaN,128,190,173,234
1882,36109,NaN,281,277,325,868
1883,36111,NaN,233,304,432,827
1884,36113,NaN,120,144,171,298
1885,36115,NaN,59,75,108,132
1886,36117,NaN,132,192,189,331
1887,36119,NaN,1583,2428,4200,7293
1888,36121,NaN,38,51,83,81
1889,36123,NaN,40,44,47,77
1890,37001,NaN,56,43,142,344
1891,37003,NaN,5,7,28,44
1892,37005,NaN,3,3,9,14
1893,37007,NaN,3,2,16,26
1894,37009,NaN,8,10,25,12
1895,37011,NaN,4,10,22,30
1896,37013,NaN,99,87,149,195
1897,37015,NaN,2,3,11,21
1898,37017,NaN,6,4,26,38
1899,37019,NaN,71,62,91,196
1900,37021,NaN,130,92,160,351
1901,37023,NaN,20,20,67,77
1902,37025,NaN,78,63,174,491
1903,37027,NaN,12,28,68,111
1904,37029,NaN,4,2,9,12
1905,37031,NaN,20,22,31,73
1906,37033,NaN,4,5,13,19
1907,37035,NaN,20,44,158,208
1908,37037,NaN,60,82,106,147
1909,37039,NaN,2,3,12,25
1910,37041,NaN,3,3,11,30
1911,37043,NaN,1,2,9,19
1912,37045,NaN,15,9,59,129
1913,37047,NaN,6,7,35,61
1914,37049,NaN,81,89,82,200
1915,37051,NaN,294,263,1020,809
1916,37053,NaN,9,5,33,20
1917,37055,NaN,10,8,18,36
1918,37057,NaN,52,61,108,296
1919,37059,NaN,8,11,25,48
1920,37061,NaN,13,11,25,72
1921,37063,NaN,533,982,2005,1545
1922,37065,NaN,21,17,44,83
1923,37067,NaN,146,190,353,630
1924,37069,NaN,45,70,110,116
1925,37071,NaN,81,87,210,333
1926,37073,NaN,4,2,10,12
1927,37075,NaN,1,2,5,13
1928,37077,NaN,28,41,40,75
1929,37079,NaN,7,12,17,29
1930,37081,NaN,363,594,778,1024
1931,37083,NaN,10,10,30,71
1932,37085,NaN,90,127,211,206
1933,37087,NaN,14,17,28,59
1934,37089,NaN,27,24,72,108
1935,37091,NaN,4,11,17,27
1936,37093,NaN,33,34,114,143
1937,37095,NaN,0,0,3,8
1938,37097,NaN,47,18,134,242
1939,37099,NaN,16,23,32,75
1940,37101,NaN,233,291,412,788
1941,37103,NaN,2,1,8,15
1942,37105,NaN,15,14,44,95
1943,37107,NaN,9,13,36,76
1944,37109,NaN,18,11,55,88
1945,37111,NaN,13,7,37,36
1946,37113,NaN,47,42,108,144
1947,37115,NaN,9,8,10,37
1948,37117,NaN,11,13,34,30
1949,37119,NaN,497,675,1608,1635
1950,37121,NaN,3,7,25,22
1951,37123,NaN,7,8,25,38
1952,37125,NaN,30,25,74,131
1953,37127,NaN,7,3,42,176
1954,37129,NaN,92,109,250,385
1955,37131,NaN,4,5,11,18
1956,37133,NaN,32,17,113,248
1957,37135,NaN,223,377,610,958
1958,37137,NaN,3,2,7,13
1959,37139,NaN,11,6,31,39
1960,37141,NaN,21,23,57,56
1961,37143,NaN,3,2,8,11
1962,37145,NaN,18,14,29,68
1963,37147,NaN,16,19,118,253
1964,37149,NaN,7,10,25,31
1965,37151,NaN,41,30,81,171
1966,37153,NaN,5,3,83,59
1967,37155,NaN,36,46,70,210
1968,37157,NaN,29,21,64,100
1969,37159,NaN,35,23,99,172
1970,37161,NaN,11,10,34,97
1971,37163,NaN,29,32,42,122
1972,37165,NaN,12,11,28,85
1973,37167,NaN,6,7,42,108
1974,37169,NaN,10,12,21,38
1975,37171,NaN,17,11,44,67
1976,37173,NaN,5,11,12,24
1977,37175,NaN,9,7,28,41
1978,37177,NaN,0,0,2,3
1979,37179,NaN,79,100,235,306
1980,37181,NaN,9,9,25,54
1981,37183,NaN,179,269,628,1852
1982,37185,NaN,5,4,8,23
1983,37187,NaN,2,3,7,8
1984,37189,NaN,58,93,129,133
1985,37191,NaN,174,182,467,487
1986,37193,NaN,7,6,72,80
1987,37195,NaN,33,28,60,109
1988,37197,NaN,19,23,39,74
1989,37199,NaN,33,34,28,81
1990,38001,NaN,0,0,0,1
1991,38003,NaN,5,4,21,19
1992,38005,NaN,2,1,3,8
1993,38007,NaN,0,0,0,0
1994,38009,NaN,0,1,5,5
1995,38011,NaN,0,0,1,3
1996,38013,NaN,0,0,1,2
1997,38015,NaN,24,18,63,101
1998,38017,NaN,75,86,236,218
1999,38019,NaN,1,0,2,3
2000,38021,NaN,1,1,2,8
2001,38023,NaN,1,0,2,2
2002,38025,NaN,0,0,2,5
2003,38027,NaN,0,0,1,1
2004,38029,NaN,0,0,2,2
2005,38031,NaN,0,0,2,2
2006,38033,NaN,0,0,0,1
2007,38035,NaN,32,37,100,130
2008,38037,NaN,0,0,1,1
2009,38039,NaN,0,0,1,4
2010,38041,NaN,0,0,0,1
2011,38043,NaN,0,0,1,2
2012,38045,NaN,2,2,6,5
2013,38047,NaN,0,0,1,1
2014,38049,NaN,2,2,4,8
2015,38051,NaN,0,0,1,3
2016,38053,NaN,3,1,13,16
2017,38055,NaN,1,1,5,7
2018,38057,NaN,3,3,9,9
2019,38059,NaN,3,3,16,32
2020,38061,NaN,2,3,10,13
2021,38063,NaN,0,0,1,3
2022,38065,NaN,0,0,1,1
2023,38067,NaN,2,0,6,7
2024,38069,NaN,0,0,2,3
2025,38071,NaN,5,4,11,14
2026,38073,NaN,3,3,13,11
2027,38075,NaN,0,0,2,2
2028,38077,NaN,8,8,24,25
2029,38079,NaN,13,15,21,26
2030,38081,NaN,1,1,5,4
2031,38083,NaN,0,0,1,1
2032,38085,NaN,1,1,8,4
2033,38087,NaN,0,0,0,0
2034,38089,NaN,7,3,27,42
2035,38091,NaN,0,0,2,2
2036,38093,NaN,8,6,19,35
2037,38095,NaN,0,0,1,2
2038,38097,NaN,1,0,3,3
2039,38099,NaN,1,0,7,12
2040,38101,NaN,16,18,54,91
2041,38103,NaN,1,0,4,2
2042,38105,NaN,4,1,28,42
2043,39001,NaN,9,8,21,36
2044,39003,NaN,23,27,102,105
2045,39005,NaN,11,9,35,58
2046,39007,NaN,53,63,110,111
2047,39009,NaN,26,19,52,55
2048,39011,NaN,5,2,37,33
2049,39013,NaN,24,20,62,84
2050,39015,NaN,7,5,25,38
2051,39017,NaN,153,211,538,418
2052,39019,NaN,2,2,13,31
2053,39021,NaN,14,13,41,55
2054,39023,NaN,26,25,60,183
2055,39025,NaN,62,48,130,295
2056,39027,NaN,10,8,32,46
2057,39029,NaN,20,22,89,74
2058,39031,NaN,14,11,30,48
2059,39033,NaN,7,6,24,44
2060,39035,NaN,697,1513,3960,5258
2061,39037,NaN,12,9,31,58
2062,39039,NaN,7,9,42,25
2063,39041,NaN,109,200,522,408
2064,39043,NaN,25,28,103,120
2065,39045,NaN,73,115,265,247
2066,39047,NaN,3,5,21,28
2067,39049,NaN,602,1207,3836,3457
2068,39051,NaN,6,5,28,30
2069,39053,NaN,8,4,18,21
2070,39055,NaN,35,42,130,140
2071,39057,NaN,35,25,92,153
2072,39059,NaN,12,9,31,35
2073,39061,NaN,348,624,1497,1570
2074,39063,NaN,18,19,57,77
2075,39065,NaN,8,7,31,33
2076,39067,NaN,6,4,17,24
2077,39069,NaN,2,3,14,22
2078,39071,NaN,3,3,32,38
2079,39073,NaN,6,6,18,38
2080,39075,NaN,6,4,28,34
2081,39077,NaN,13,15,53,51
2082,39079,NaN,10,10,22,30
2083,39081,NaN,15,15,36,71
2084,39083,NaN,17,15,46,76
2085,39085,NaN,122,231,601,701
2086,39087,NaN,15,12,33,57
2087,39089,NaN,70,109,241,257
2088,39091,NaN,17,19,39,54
2089,39093,NaN,134,217,549,786
2090,39095,NaN,606,1236,2191,2334
2091,39097,NaN,12,11,38,43
2092,39099,NaN,48,97,224,245
2093,39101,NaN,17,17,39,71
2094,39103,NaN,55,69,168,290
2095,39105,NaN,6,4,17,11
2096,39107,NaN,5,8,23,21
2097,39109,NaN,14,25,79,90
2098,39111,NaN,2,2,8,16
2099,39113,NaN,129,178,585,677
2100,39115,NaN,1,2,6,7
2101,39117,NaN,11,8,33,38
2102,39119,NaN,19,18,60,92
2103,39121,NaN,2,3,8,12
2104,39123,NaN,11,12,26,45
2105,39125,NaN,4,3,18,28
2106,39127,NaN,7,5,18,26
2107,39129,NaN,18,18,54,96
2108,39131,NaN,5,4,12,30
2109,39133,NaN,53,77,139,201
2110,39135,NaN,5,4,26,29
2111,39137,NaN,10,8,28,40
2112,39139,NaN,39,40,68,195
2113,39141,NaN,16,12,43,77
2114,39143,NaN,12,11,35,80
2115,39145,NaN,16,11,36,78
2116,39147,NaN,10,9,34,53
2117,39149,NaN,9,5,37,51
2118,39151,NaN,89,116,379,482
2119,39153,NaN,263,428,1180,1456
2120,39155,NaN,67,101,293,370
2121,39157,NaN,12,12,52,81
2122,39159,NaN,22,21,53,85
2123,39161,NaN,3,3,12,13
2124,39163,NaN,2,1,6,11
2125,39165,NaN,67,71,184,275
2126,39167,NaN,5,3,28,42
2127,39169,NaN,29,33,97,130
2128,39171,NaN,8,4,25,28
2129,39173,NaN,83,133,256,229
2130,39175,NaN,5,5,17,31
2131,40001,NaN,20,14,26,61
2132,40003,NaN,1,0,7,9
2133,40005,NaN,8,9,13,16
2134,40007,NaN,1,1,3,5
2135,40009,NaN,6,4,17,24
2136,40011,NaN,1,2,8,8
2137,40013,NaN,4,5,20,51
2138,40015,NaN,6,6,15,35
2139,40017,NaN,95,127,250,402
2140,40019,NaN,35,30,39,135
2141,40021,NaN,7,7,18,89
2142,40023,NaN,3,1,4,19
2143,40025,NaN,0,0,1,2
2144,40027,NaN,71,88,194,462
2145,40029,NaN,9,5,15,11
2146,40031,NaN,48,37,178,248
2147,40033,NaN,5,2,13,20
2148,40035,NaN,3,6,16,25
2149,40037,NaN,21,13,44,136
2150,40039,NaN,10,12,25,38
2151,40041,NaN,6,7,21,39
2152,40043,NaN,1,0,1,7
2153,40045,NaN,1,1,2,5
2154,40047,NaN,10,9,19,72
2155,40049,NaN,8,7,11,36
2156,40051,NaN,14,20,25,69
2157,40053,NaN,0,0,1,5
2158,40055,NaN,1,1,3,7
2159,40057,NaN,0,0,1,3
2160,40059,NaN,0,0,2,2
2161,40061,NaN,1,1,4,14
2162,40063,NaN,4,3,8,12
2163,40065,NaN,2,3,9,22
2164,40067,NaN,6,2,9,9
2165,40069,NaN,1,0,6,8
2166,40071,NaN,9,4,25,40
2167,40073,NaN,3,2,7,12
2168,40075,NaN,1,2,8,15
2169,40077,NaN,1,0,3,15
2170,40079,NaN,35,23,69,53
2171,40081,NaN,10,6,16,49
2172,40083,NaN,21,18,30,58
2173,40085,NaN,4,1,7,16
2174,40087,NaN,15,11,24,60
2175,40089,NaN,8,5,22,40
2176,40091,NaN,1,3,10,43
2177,40093,NaN,1,5,26,11
2178,40095,NaN,2,3,10,16
2179,40097,NaN,14,14,29,55
2180,40099,NaN,1,2,5,19
2181,40101,NaN,9,11,30,104
2182,40103,NaN,1,1,4,15
2183,40105,NaN,1,2,5,13
2184,40107,NaN,3,3,8,21
2185,40109,NaN,322,495,693,1188
2186,40111,NaN,4,5,13,45
2187,40113,NaN,8,10,20,67
2188,40115,NaN,12,4,32,38
2189,40117,NaN,1,1,8,16
2190,40119,NaN,33,30,59,100
2191,40121,NaN,4,4,15,51
2192,40123,NaN,30,39,24,79
2193,40125,NaN,15,15,27,97
2194,40127,NaN,0,2,4,12
2195,40129,NaN,7,3,10,9
2196,40131,NaN,13,23,50,122
2197,40133,NaN,5,6,9,28
2198,40135,NaN,6,5,15,41
2199,40137,NaN,7,10,16,46
2200,40139,NaN,4,4,12,25
2201,40141,NaN,1,1,4,9
2202,40143,NaN,179,207,607,1058
2203,40145,NaN,25,18,59,209
2204,40147,NaN,9,11,19,69
2205,40149,NaN,0,1,6,13
2206,40151,NaN,1,1,4,8
2207,40153,NaN,4,1,10,17
2208,41001,NaN,3,2,11,13
2209,41003,NaN,115,115,370,304
2210,41005,NaN,270,427,792,970
2211,41007,NaN,19,17,35,64
2212,41009,NaN,26,28,37,96
2213,41011,NaN,20,24,35,74
2214,41013,NaN,8,6,11,29
2215,41015,NaN,6,10,27,23
2216,41017,NaN,99,125,224,486
2217,41019,NaN,20,20,54,116
2218,41021,NaN,0,0,1,1
2219,41023,NaN,12,8,13,24
2220,41025,NaN,1,1,4,9
2221,41027,NaN,6,8,17,40
2222,41029,NaN,90,81,152,345
2223,41031,NaN,10,11,34,48
2224,41033,NaN,31,26,56,106
2225,41035,NaN,25,20,50,108
2226,41037,NaN,2,2,6,10
2227,41039,NaN,167,186,400,694
2228,41041,NaN,20,22,25,61
2229,41043,NaN,70,79,102,234
2230,41045,NaN,7,7,29,41
2231,41047,NaN,162,238,453,797
2232,41049,NaN,2,3,7,16
2233,41051,NaN,872,1291,2904,4405
2234,41053,NaN,43,54,61,156
2235,41055,NaN,0,1,1,2
2236,41057,NaN,18,19,30,77
2237,41059,NaN,20,22,90,170
2238,41061,NaN,5,4,16,29
2239,41063,NaN,1,1,6,8
2240,41065,NaN,10,10,22,52
2241,41067,NaN,420,624,1356,1267
2242,41069,NaN,0,0,1,1
2243,41071,NaN,38,36,77,142
2244,42001,NaN,50,65,127,163
2245,42003,NaN,1209,1303,2328,1611
2246,42005,NaN,20,23,35,64
2247,42007,NaN,87,68,125,175
2248,42009,NaN,9,8,29,29
2249,42011,NaN,230,296,464,734
2250,42013,NaN,52,67,72,165
2251,42015,NaN,158,165,228,260
2252,42017,NaN,506,625,983,1107
2253,42019,NaN,137,132,203,241
2254,42021,NaN,49,43,85,167
2255,42023,NaN,0,0,1,5
2256,42025,NaN,37,44,77,120
2257,42027,NaN,158,173,284,247
2258,42029,NaN,552,607,1014,1253
2259,42031,NaN,9,9,18,30
2260,42033,NaN,34,30,53,88
2261,42035,NaN,17,15,22,40
2262,42037,NaN,62,54,63,118
2263,42039,NaN,38,47,53,113
2264,42041,NaN,111,128,182,289
2265,42043,NaN,107,120,177,297
2266,42045,NaN,538,651,1060,1168
2267,42047,NaN,4,4,12,23
2268,42049,NaN,110,130,203,297
2269,42051,NaN,41,31,86,106
2270,42053,NaN,0,1,3,4
2271,42055,NaN,42,58,103,159
2272,42057,NaN,3,3,9,12
2273,42059,NaN,7,4,23,33
2274,42061,NaN,14,17,25,60
2275,42063,NaN,37,30,58,80
2276,42065,NaN,12,12,23,32
2277,42067,NaN,4,5,10,19
2278,42069,NaN,227,280,354,421
2279,42071,NaN,278,356,621,819
2280,42073,NaN,25,14,58,66
2281,42075,NaN,66,81,153,197
2282,42077,NaN,323,363,643,711
2283,42079,NaN,197,238,291,446
2284,42081,NaN,62,69,110,175
2285,42083,NaN,13,16,24,46
2286,42085,NaN,45,48,87,137
2287,42087,NaN,23,24,32,59
2288,42089,NaN,140,156,293,376
2289,42091,NaN,887,1122,1707,1583
2290,42093,NaN,14,19,20,17
2291,42095,NaN,352,383,763,680
2292,42097,NaN,32,44,56,112
2293,42099,NaN,10,11,20,49
2294,42101,NaN,1335,2408,3749,5299
2295,42103,NaN,57,67,92,139
2296,42105,NaN,12,14,18,23
2297,42107,NaN,69,76,83,148
2298,42109,NaN,9,11,20,33
2299,42111,NaN,18,21,49,79
2300,42113,NaN,2,2,4,5
2301,42115,NaN,57,68,79,113
2302,42117,NaN,48,49,99,86
2303,42119,NaN,22,24,27,43
2304,42121,NaN,15,16,27,55
2305,42123,NaN,12,12,19,36
2306,42125,NaN,119,118,190,234
2307,42127,NaN,50,58,92,114
2308,42129,NaN,180,195,357,343
2309,42131,NaN,18,20,22,34
2310,42133,NaN,276,349,585,748
2311,44001,NaN,90,149,188,283
2312,44003,NaN,266,535,633,1095
2313,44005,NaN,145,279,418,583
2314,44007,NaN,682,1976,1336,3429
2315,44009,NaN,216,373,418,699
2316,45001,NaN,6,6,17,23
2317,45003,NaN,25,19,95,148
2318,45005,NaN,1,2,8,9
2319,45007,NaN,28,19,111,282
2320,45009,NaN,2,1,10,20
2321,45011,NaN,1,2,13,33
2322,45013,NaN,52,69,223,287
2323,45015,NaN,53,66,200,400
2324,45017,NaN,2,2,8,12
2325,45019,NaN,130,233,548,1075
2326,45021,NaN,19,27,37,131
2327,45023,NaN,2,4,12,35
2328,45025,NaN,8,7,27,67
2329,45027,NaN,6,9,23,31
2330,45029,NaN,7,7,39,39
2331,45031,NaN,9,10,51,109
2332,45033,NaN,3,2,30,44
2333,45035,NaN,46,60,176,398
2334,45037,NaN,3,4,14,26
2335,45039,NaN,4,3,13,23
2336,45041,NaN,19,24,94,181
2337,45043,NaN,10,9,47,100
2338,45045,NaN,118,184,453,1445
2339,45047,NaN,16,18,43,107
2340,45049,NaN,3,3,14,28
2341,45051,NaN,109,175,478,873
2342,45053,NaN,3,2,27,44
2343,45055,NaN,19,25,70,73
2344,45057,NaN,10,20,48,99
2345,45059,NaN,12,12,46,87
2346,45061,NaN,3,2,12,26
2347,45063,NaN,65,83,232,483
2348,45065,NaN,1,1,3,10
2349,45067,NaN,4,6,23,59
2350,45069,NaN,6,6,34,33
2351,45071,NaN,9,9,25,59
2352,45073,NaN,18,14,61,115
2353,45075,NaN,18,14,62,128
2354,45077,NaN,27,24,124,334
2355,45079,NaN,72,154,224,401
2356,45081,NaN,2,3,10,17
2357,45083,NaN,95,116,357,837
2358,45085,NaN,17,22,53,148
2359,45087,NaN,9,15,28,70
2360,45089,NaN,3,4,30,44
2361,45091,NaN,64,88,195,444
2362,46003,NaN,1,0,2,2
2363,46005,NaN,3,1,10,16
2364,46007,NaN,0,0,1,2
2365,46009,NaN,0,0,3,7
2366,46011,NaN,6,3,19,28
2367,46013,NaN,8,6,18,39
2368,46015,NaN,1,0,2,3
2369,46017,NaN,0,0,0,2
2370,46019,NaN,2,3,9,13
2371,46021,NaN,0,0,1,1
2372,46023,NaN,1,1,7,10
2373,46025,NaN,2,2,5,4
2374,46027,NaN,1,2,7,13
2375,46029,NaN,5,4,18,24
2376,46031,NaN,1,1,5,6
2377,46033,NaN,2,1,8,7
2378,46035,NaN,7,6,17,26
2379,46037,NaN,3,4,8,9
2380,46039,NaN,0,0,3,3
2381,46041,NaN,0,1,0,16
2382,46043,NaN,0,0,1,2
2383,46045,NaN,0,0,3,2
2384,46047,NaN,1,1,4,7
2385,46049,NaN,0,0,1,2
2386,46051,NaN,0,0,5,7
2387,46053,NaN,0,0,1,2
2388,46055,NaN,0,0,1,0
2389,46057,NaN,1,0,3,5
2390,46059,NaN,0,0,1,1
2391,46061,NaN,0,0,2,4
2392,46063,NaN,0,0,0,1
2393,46065,NaN,4,3,12,13
2394,46067,NaN,1,2,5,8
2395,46069,NaN,0,0,0,1
2396,46071,NaN,0,0,1,2
2397,46073,NaN,0,0,1,1
2398,46075,NaN,0,0,0,0
2399,46077,NaN,1,1,4,5
2400,46079,NaN,1,0,5,9
2401,46081,NaN,6,6,17,22
2402,46083,NaN,14,10,29,65
2403,46085,NaN,0,0,1,3
2404,46087,NaN,0,0,2,4
2405,46089,NaN,0,0,0,1
2406,46091,NaN,0,0,2,3
2407,46093,NaN,5,5,12,23
2408,46095,NaN,0,0,1,2
2409,46097,NaN,0,0,1,4
2410,46099,NaN,36,44,100,193
2411,46101,NaN,0,0,2,7
2412,46102,NaN,2,2,6,13
2413,46103,NaN,33,26,76,135
2414,46105,NaN,0,0,1,2
2415,46107,NaN,0,0,2,1
2416,46109,NaN,1,2,9,6
2417,46111,NaN,0,0,0,2
2418,46115,NaN,1,1,4,3
2419,46117,NaN,1,0,2,2
2420,46119,NaN,0,0,0,0
2421,46121,NaN,1,1,3,6
2422,46123,NaN,0,0,3,4
2423,46125,NaN,1,0,4,6
2424,46127,NaN,2,2,7,14
2425,46129,NaN,1,1,3,5
2426,46135,NaN,3,2,8,24
2427,46137,NaN,0,0,0,3
2428,47001,NaN,11,18,25,116
2429,47003,NaN,9,7,29,93
2430,47005,NaN,10,5,28,21
2431,47007,NaN,4,5,11,13
2432,47009,NaN,34,35,81,207
2433,47011,NaN,29,31,95,209
2434,47013,NaN,9,5,21,22
2435,47015,NaN,5,5,6,26
2436,47017,NaN,6,4,16,34
2437,47019,NaN,18,17,23,94
2438,47021,NaN,6,6,32,44
2439,47023,NaN,3,2,9,17
2440,47025,NaN,8,4,9,21
2441,47027,NaN,5,9,4,19
2442,47029,NaN,13,9,16,46
2443,47031,NaN,5,7,28,70
2444,47033,NaN,1,0,7,7
2445,47035,NaN,9,7,27,67
2446,47037,NaN,266,504,855,1777
2447,47039,NaN,1,2,3,11
2448,47041,NaN,2,9,12,28
2449,47043,NaN,11,8,34,87
2450,47045,NaN,5,5,21,31
2451,47047,NaN,13,12,38,73
2452,47049,NaN,2,3,4,22
2453,47051,NaN,8,7,20,72
2454,47053,NaN,17,7,31,76
2455,47055,NaN,6,5,14,39
2456,47057,NaN,4,5,13,28
2457,47059,NaN,10,8,30,79
2458,47061,NaN,1,2,5,19
2459,47063,NaN,12,13,39,71
2460,47065,NaN,105,144,317,444
2461,47067,NaN,3,3,5,9
2462,47069,NaN,2,3,11,17
2463,47071,NaN,4,8,11,23
2464,47073,NaN,17,16,30,96
2465,47075,NaN,7,5,13,25
2466,47077,NaN,9,8,11,25
2467,47079,NaN,7,10,14,37
2468,47081,NaN,4,5,13,42
2469,47083,NaN,2,1,7,10
2470,47085,NaN,2,2,8,35
2471,47087,NaN,1,2,4,12
2472,47089,NaN,7,5,25,54
2473,47091,NaN,4,5,11,19
2474,47093,NaN,119,138,331,642
2475,47095,NaN,4,3,10,6
2476,47097,NaN,5,5,27,27
2477,47099,NaN,11,6,43,89
2478,47101,NaN,1,2,5,21
2479,47103,NaN,3,4,15,47
2480,47105,NaN,15,16,32,77
2481,47107,NaN,11,11,25,98
2482,47109,NaN,7,7,9,26
2483,47111,NaN,5,6,11,37
2484,47113,NaN,69,94,123,157
2485,47115,NaN,9,8,19,56
2486,47117,NaN,4,5,22,52
2487,47119,NaN,23,25,80,200
2488,47121,NaN,5,7,9,38
2489,47123,NaN,37,48,57,122
2490,47125,NaN,49,49,178,186
2491,47127,NaN,0,0,2,7
2492,47129,NaN,9,10,24,23
2493,47131,NaN,4,5,16,21
2494,47133,NaN,5,3,12,39
2495,47135,NaN,1,2,2,4
2496,47137,NaN,0,1,1,5
2497,47139,NaN,3,4,9,13
2498,47141,NaN,18,32,41,104
2499,47143,NaN,9,7,23,55
2500,47145,NaN,7,7,25,70
2501,47147,NaN,17,23,53,115
2502,47149,NaN,83,108,260,605
2503,47151,NaN,4,4,4,29
2504,47153,NaN,5,4,19,29
2505,47155,NaN,25,24,73,121
2506,47157,NaN,215,305,1069,1197
2507,47159,NaN,3,3,7,33
2508,47161,NaN,3,1,7,13
2509,47163,NaN,52,64,92,197
2510,47165,NaN,51,90,94,350
2511,47167,NaN,12,22,35,68
2512,47169,NaN,7,5,28,21
2513,47171,NaN,4,5,5,30
2514,47173,NaN,3,2,8,27
2515,47175,NaN,1,1,2,12
2516,47177,NaN,7,7,22,69
2517,47179,NaN,30,33,46,178
2518,47181,NaN,2,4,7,23
2519,47183,NaN,14,7,36,55
2520,47185,NaN,4,2,20,28
2521,47187,NaN,90,160,264,602
2522,47189,NaN,29,36,97,238
2523,48001,NaN,8,8,64,48
2524,48003,NaN,1,2,9,18
2525,48005,NaN,34,44,110,199
2526,48007,NaN,3,4,10,19
2527,48009,NaN,4,6,14,14
2528,48011,NaN,0,1,3,2
2529,48013,NaN,15,10,44,61
2530,48015,NaN,18,17,28,43
2531,48017,NaN,3,3,12,7
2532,48019,NaN,3,3,15,19
2533,48021,NaN,24,33,81,139
2534,48023,NaN,1,0,4,3
2535,48025,NaN,7,9,22,35
2536,48027,NaN,56,66,299,590
2537,48029,NaN,829,1417,2366,3564
2538,48031,NaN,3,3,6,11
2539,48033,NaN,0,0,1,1
2540,48035,NaN,5,3,10,17
2541,48037,NaN,28,15,66,76
2542,48039,NaN,83,111,342,867
2543,48041,NaN,53,62,198,404
2544,48043,NaN,2,2,7,5
2545,48045,NaN,1,2,2,3
2546,48047,NaN,2,2,3,5
2547,48049,NaN,89,114,265,141
2548,48051,NaN,4,4,18,27
2549,48053,NaN,26,30,70,87
2550,48055,NaN,13,18,39,93
2551,48057,NaN,3,3,14,21
2552,48059,NaN,6,7,20,19
2553,48061,NaN,497,951,1750,1192
2554,48063,NaN,7,6,14,9
2555,48065,NaN,1,1,15,6
2556,48067,NaN,10,3,20,36
2557,48069,NaN,1,4,12,9
2558,48071,NaN,11,8,47,102
2559,48073,NaN,15,11,69,86
2560,48075,NaN,1,3,8,7
2561,48077,NaN,3,4,7,14
2562,48079,NaN,0,1,3,3
2563,48081,NaN,0,1,5,3
2564,48083,NaN,4,3,7,7
2565,48085,NaN,761,1644,2873,1893
2566,48087,NaN,0,0,3,2
2567,48089,NaN,7,4,13,20
2568,48091,NaN,84,120,118,249
2569,48093,NaN,21,22,25,47
2570,48095,NaN,1,1,8,5
2571,48097,NaN,28,21,69,41
2572,48099,NaN,36,56,117,193
2573,48101,NaN,4,2,3,4
2574,48103,NaN,1,2,3,10
2575,48105,NaN,23,11,27,17
2576,48107,NaN,2,2,11,16
2577,48109,NaN,0,0,2,3
2578,48111,NaN,1,1,8,4
2579,48113,NaN,2207,1812,7026,10792
2580,48115,NaN,20,21,11,38
2581,48117,NaN,6,4,56,6
2582,48119,NaN,2,2,6,7
2583,48121,NaN,258,308,555,1286
2584,48123,NaN,5,5,21,20
2585,48125,NaN,0,0,3,4
2586,48127,NaN,1,3,5,11
2587,48129,NaN,3,1,10,3
2588,48131,NaN,2,6,8,17
2589,48133,NaN,10,8,17,17
2590,48135,NaN,49,55,141,171
2591,48137,NaN,0,0,1,1
2592,48139,NaN,43,54,156,204
2593,48141,NaN,156,150,743,974
2594,48143,NaN,10,11,23,33
2595,48145,NaN,3,3,12,16
2596,48147,NaN,10,7,22,26
2597,48149,NaN,5,5,19,26
2598,48151,NaN,0,0,2,2
2599,48153,NaN,0,1,9,6
2600,48155,NaN,0,0,1,1
2601,48157,NaN,634,951,2965,2746
2602,48159,NaN,9,6,15,15
2603,48161,NaN,4,4,27,24
2604,48163,NaN,11,17,21,25
2605,48165,NaN,18,16,38,30
2606,48167,NaN,172,248,826,1238
2607,48169,NaN,1,2,11,9
2608,48171,NaN,7,8,23,29
2609,48173,NaN,0,0,1,1
2610,48175,NaN,1,1,6,7
2611,48177,NaN,2,1,17,26
2612,48179,NaN,6,4,39,20
2613,48181,NaN,15,13,69,185
2614,48183,NaN,15,21,114,140
2615,48185,NaN,7,7,53,33
2616,48187,NaN,44,27,174,243
2617,48189,NaN,6,7,32,24
2618,48191,NaN,1,1,2,2
2619,48193,NaN,1,1,4,10
2620,48195,NaN,2,1,10,6
2621,48197,NaN,0,0,3,2
2622,48199,NaN,6,5,36,65
2623,48201,NaN,1578,2096,6562,12159
2624,48203,NaN,28,17,57,68
2625,48205,NaN,1,0,7,5
2626,48207,NaN,1,1,4,4
2627,48209,NaN,83,137,267,347
2628,48211,NaN,1,0,4,1
2629,48213,NaN,9,12,42,109
2630,48215,NaN,681,1276,1852,2757
2631,48217,NaN,9,11,28,37
2632,48219,NaN,9,11,48,35
2633,48221,NaN,15,18,40,71
2634,48223,NaN,8,2,25,27
2635,48225,NaN,9,5,25,31
2636,48227,NaN,19,20,41,83
2637,48229,NaN,1,1,3,5
2638,48231,NaN,13,12,53,118
2639,48233,NaN,6,4,59,14
2640,48235,NaN,1,0,3,4
2641,48237,NaN,2,1,5,8
2642,48239,NaN,2,2,12,6
2643,48241,NaN,5,7,21,32
2644,48243,NaN,0,0,1,1
2645,48245,NaN,200,305,424,348
2646,48247,NaN,1,2,0,7
2647,48249,NaN,11,13,32,61
2648,48251,NaN,70,107,229,180
2649,48253,NaN,6,7,25,24
2650,48255,NaN,32,25,57,65
2651,48257,NaN,44,51,156,268
2652,48259,NaN,15,8,38,45
2653,48261,NaN,0,0,0,0
2654,48263,NaN,0,0,1,3
2655,48265,NaN,8,12,50,41
2656,48267,NaN,0,1,3,4
2657,48269,NaN,0,1,0,1
2658,48271,NaN,1,1,3,3
2659,48273,NaN,7,10,16,30
2660,48275,NaN,0,0,1,2
2661,48277,NaN,4,3,43,34
2662,48279,NaN,7,7,22,12
2663,48281,NaN,5,5,17,23
2664,48283,NaN,1,2,6,3
2665,48285,NaN,4,11,23,31
2666,48287,NaN,3,4,16,23
2667,48289,NaN,2,3,10,13
2668,48291,NaN,28,22,133,96
2669,48293,NaN,3,3,19,23
2670,48295,NaN,1,0,5,4
2671,48297,NaN,1,1,5,11
2672,48299,NaN,3,6,17,14
2673,48301,NaN,2,2,0,5
2674,48303,NaN,62,47,210,495
2675,48305,NaN,3,4,14,18
2676,48307,NaN,2,6,8,9
2677,48309,NaN,231,335,910,674
2678,48311,NaN,0,0,0,0
2679,48313,NaN,4,5,16,12
2680,48315,NaN,6,4,8,8
2681,48317,NaN,3,4,6,11
2682,48319,NaN,3,2,9,7
2683,48321,NaN,13,11,31,48
2684,48323,NaN,9,8,30,83
2685,48325,NaN,11,7,39,50
2686,48327,NaN,0,0,1,3
2687,48329,NaN,181,332,302,296
2688,48331,NaN,7,5,22,28
2689,48333,NaN,0,0,2,4
2690,48335,NaN,1,1,4,8
2691,48337,NaN,8,5,19,28
2692,48339,NaN,306,357,894,781
2693,48341,NaN,4,3,29,8
2694,48343,NaN,5,3,11,16
2695,48345,NaN,0,0,2,2
2696,48347,NaN,22,17,53,68
2697,48349,NaN,6,6,31,52
2698,48351,NaN,1,1,7,11
2699,48353,NaN,2,1,7,12
2700,48355,NaN,97,160,354,870
2701,48357,NaN,1,1,19,9
2702,48359,NaN,0,0,4,1
2703,48361,NaN,9,5,39,75
2704,48363,NaN,3,4,20,28
2705,48365,NaN,3,2,17,9
2706,48367,NaN,57,71,169,134
2707,48369,NaN,3,3,13,5
2708,48371,NaN,3,15,31,14
2709,48373,NaN,8,7,41,43
2710,48375,NaN,13,67,174,187
2711,48377,NaN,0,2,6,5
2712,48379,NaN,1,1,9,10
2713,48381,NaN,33,39,102,108
2714,48383,NaN,1,0,7,6
2715,48385,NaN,0,1,2,5
2716,48387,NaN,1,1,8,10
2717,48389,NaN,2,6,18,22
2718,48391,NaN,0,3,5,14
2719,48393,NaN,0,0,1,0
2720,48395,NaN,1,2,16,17
2721,48397,NaN,33,33,145,104
2722,48399,NaN,12,9,17,27
2723,48401,NaN,19,19,36,66
2724,48403,NaN,1,1,6,8
2725,48405,NaN,1,1,6,6
2726,48407,NaN,11,7,34,25
2727,48409,NaN,7,9,49,76
2728,48411,NaN,0,0,4,4
2729,48413,NaN,0,1,2,5
2730,48415,NaN,4,6,11,16
2731,48417,NaN,1,1,1,4
2732,48419,NaN,5,6,33,20
2733,48421,NaN,0,0,2,1
2734,48423,NaN,35,37,124,278
2735,48425,NaN,1,1,4,9
2736,48427,NaN,12,12,26,76
2737,48429,NaN,2,2,9,4
2738,48431,NaN,0,0,0,0
2739,48433,NaN,1,0,1,2
2740,48435,NaN,1,0,3,7
2741,48437,NaN,19,56,9,36
2742,48439,NaN,792,1326,3171,5646
2743,48441,NaN,126,142,502,436
2744,48443,NaN,0,0,1,0
2745,48445,NaN,23,38,36,42
2746,48447,NaN,0,0,1,1
2747,48449,NaN,30,13,42,57
2748,48451,NaN,38,45,107,240
2749,48453,NaN,3247,2796,7145,5257
2750,48455,NaN,39,23,106,66
2751,48457,NaN,2,5,20,21
2752,48459,NaN,54,48,89,143
2753,48461,NaN,1,1,2,4
2754,48463,NaN,6,6,17,44
2755,48465,NaN,17,19,37,89
2756,48467,NaN,6,4,48,49
2757,48469,NaN,36,37,115,151
2758,48471,NaN,22,29,90,131
2759,48473,NaN,25,24,63,81
2760,48475,NaN,2,2,8,10
2761,48477,NaN,10,10,41,34
2762,48479,NaN,147,253,373,771
2763,48481,NaN,14,9,32,70
2764,48483,NaN,4,3,9,7
2765,48485,NaN,263,444,962,612
2766,48487,NaN,2,2,8,13
2767,48489,NaN,6,7,34,23
2768,48491,NaN,223,433,984,1949
2769,48493,NaN,9,10,44,47
2770,48495,NaN,2,1,10,8
2771,48497,NaN,18,18,50,102
2772,48499,NaN,7,5,27,46
2773,48501,NaN,28,25,36,39
2774,48503,NaN,4,5,9,17
2775,48505,NaN,3,3,2,12
2776,48507,NaN,3,2,9,17
2777,49001,NaN,0,0,0,1
2778,49003,NaN,2,2,5,9
2779,49005,NaN,7,3,11,20
2780,49007,NaN,1,0,1,5
2781,49009,NaN,0,0,0,0
2782,49011,NaN,114,105,325,456
2783,49013,NaN,1,0,2,3
2784,49015,NaN,0,0,0,2
2785,49017,NaN,0,0,0,0
2786,49019,NaN,0,0,1,2
2787,49021,NaN,3,1,5,14
2788,49023,NaN,0,0,0,2
2789,49025,NaN,0,0,0,1
2790,49027,NaN,0,0,1,3
2791,49029,NaN,0,0,1,2
2792,49031,NaN,0,0,0,0
2793,49033,NaN,0,0,0,0
2794,49035,NaN,383,479,1098,1393
2795,49037,NaN,3,3,10,17
2796,49039,NaN,1,0,3,5
2797,49041,NaN,1,0,1,5
2798,49043,NaN,21,20,63,79
2799,49045,NaN,15,13,53,90
2800,49047,NaN,2,1,4,8
2801,49049,NaN,154,169,388,778
2802,49051,NaN,13,10,37,50
2803,49053,NaN,10,5,13,31
2804,49055,NaN,0,0,0,0
2805,49057,NaN,15,8,25,55
2806,50001,NaN,71,99,37,205
2807,50003,NaN,47,61,18,128
2808,50005,NaN,26,28,39,111
2809,50007,NaN,538,763,411,913
2810,50009,NaN,5,5,11,22
2811,50011,NaN,104,137,117,159
2812,50013,NaN,14,17,8,28
2813,50015,NaN,29,30,20,94
2814,50017,NaN,18,13,19,131
2815,50019,NaN,42,47,34,108
2816,50021,NaN,83,135,81,156
2817,50023,NaN,163,183,340,202
2818,50025,NaN,49,58,31,128
2819,50027,NaN,65,70,82,153
2820,51001,NaN,10,11,23,70
2821,51003,NaN,324,227,344,505
2822,51005,NaN,2,2,9,17
2823,51007,NaN,16,14,34,30
2824,51009,NaN,16,11,26,34
2825,51011,NaN,9,8,13,25
2826,51013,NaN,549,697,1190,1895
2827,51015,NaN,67,68,65,151
2828,51017,NaN,1,0,3,3
2829,51019,NaN,21,19,54,78
2830,51021,NaN,11,10,17,19
2831,51023,NaN,9,3,20,25
2832,51025,NaN,11,6,26,44
2833,51027,NaN,6,2,17,13
2834,51029,NaN,45,46,78,96
2835,51031,NaN,63,70,164,153
2836,51033,NaN,11,12,35,30
2837,51035,NaN,8,11,16,36
2838,51036,NaN,3,2,9,7
2839,51037,NaN,21,11,28,44
2840,51041,NaN,261,225,453,658
2841,51043,NaN,11,10,12,28
2842,51045,NaN,1,2,2,5
2843,51047,NaN,15,12,38,57
2844,51049,NaN,22,14,27,43
2845,51051,NaN,3,2,8,7
2846,51053,NaN,15,13,36,45
2847,51057,NaN,2,2,8,8
2848,51059,NaN,1294,1968,3390,5885
2849,51061,NaN,26,19,61,79
2850,51063,NaN,1,2,7,10
2851,51065,NaN,57,55,59,116
2852,51067,NaN,20,20,37,70
2853,51069,NaN,32,24,61,102
2854,51071,NaN,5,5,12,18
2855,51073,NaN,9,10,25,44
2856,51075,NaN,29,32,50,86
2857,51077,NaN,2,2,5,17
2858,51079,NaN,2,8,15,19
2859,51081,NaN,8,11,16,14
2860,51083,NaN,18,20,13,46
2861,51085,NaN,84,79,100,215
2862,51087,NaN,364,371,680,1576
2863,51089,NaN,52,51,90,119
2864,51091,NaN,0,0,1,1
2865,51093,NaN,11,12,21,71
2866,51095,NaN,61,78,113,223
2867,51097,NaN,1,2,7,9
2868,51099,NaN,9,11,15,49
2869,51101,NaN,8,9,13,26
2870,51103,NaN,5,6,9,14
2871,51105,NaN,2,2,5,22
2872,51107,NaN,359,320,508,771
2873,51109,NaN,23,30,46,71
2874,51111,NaN,25,12,29,71
2875,51113,NaN,18,19,24,46
2876,51115,NaN,8,11,20,33
2877,51117,NaN,20,21,25,67
2878,51119,NaN,8,9,14,20
2879,51121,NaN,51,30,70,124
2880,51125,NaN,2,3,11,17
2881,51127,NaN,11,13,27,44
2882,51131,NaN,2,3,6,17
2883,51133,NaN,4,3,7,30
2884,51135,NaN,72,71,116,157
2885,51137,NaN,18,24,55,66
2886,51139,NaN,9,15,17,18
2887,51141,NaN,7,7,19,18
2888,51143,NaN,29,57,35,68
2889,51145,NaN,21,18,40,38
2890,51147,NaN,68,35,89,125
2891,51149,NaN,83,85,144,164
2892,51153,NaN,361,515,897,2197
2893,51155,NaN,8,8,17,31
2894,51157,NaN,14,13,21,31
2895,51159,NaN,7,10,15,33
2896,51161,NaN,36,39,97,126
2897,51163,NaN,6,5,16,16
2898,51165,NaN,22,28,45,79
2899,51167,NaN,13,10,18,35
2900,51169,NaN,8,9,4,34
2901,51171,NaN,15,15,26,37
2902,51173,NaN,18,20,11,33
2903,51175,NaN,7,4,19,17
2904,51177,NaN,117,141,335,477
2905,51179,NaN,93,117,263,296
2906,51181,NaN,3,3,7,12
2907,51183,NaN,3,3,9,11
2908,51185,NaN,12,9,34,48
2909,51187,NaN,28,36,51,137
2910,51191,NaN,32,29,28,75
2911,51193,NaN,6,8,10,23
2912,51195,NaN,8,6,12,40
2913,51197,NaN,5,11,27,35
2914,51199,NaN,44,53,76,155
2915,51510,NaN,271,375,867,1018
2916,51520,NaN,5,6,11,20
2917,51530,NaN,1,2,6,7
2918,51540,NaN,2,8,34,28
2919,51550,NaN,120,140,272,552
2920,51570,NaN,13,9,16,36
2921,51580,NaN,7,12,16,16
2922,51590,NaN,17,7,31,38
2923,51595,NaN,1,3,4,6
2924,51600,NaN,7,7,19,24
2925,51610,NaN,29,34,43,78
2926,51620,NaN,2,3,5,22
2927,51630,NaN,14,17,18,37
2928,51640,NaN,3,2,3,9
2929,51650,NaN,196,209,513,556
2930,51660,NaN,34,46,40,93
2931,51670,NaN,7,6,23,44
2932,51678,NaN,2,1,5,10
2933,51680,NaN,24,11,92,88
2934,51683,NaN,24,22,58,74
2935,51685,NaN,6,6,3,9
2936,51690,NaN,22,15,34,15
2937,51700,NaN,85,122,221,599
2938,51710,NaN,107,166,236,490
2939,51720,NaN,1,1,1,4
2940,51730,NaN,11,12,41,38
2941,51735,NaN,5,7,8,23
2942,51740,NaN,52,59,171,400
2943,51750,NaN,9,7,15,28
2944,51760,NaN,304,317,699,1544
2945,51770,NaN,40,26,97,88
2946,51775,NaN,11,12,31,56
2947,51790,NaN,14,17,18,36
2948,51800,NaN,43,44,94,291
2949,51810,NaN,275,385,723,1938
2950,51820,NaN,8,6,17,25
2951,51830,NaN,10,8,15,10
2952,51840,NaN,14,15,21,65
2953,53001,NaN,2,5,26,24
2954,53003,NaN,3,1,18,15
2955,53005,NaN,88,84,147,383
2956,53007,NaN,39,39,60,124
2957,53009,NaN,45,57,114,256
2958,53011,NaN,205,184,470,1169
2959,53013,NaN,0,0,1,5
2960,53015,NaN,60,71,132,189
2961,53017,NaN,15,18,29,67
2962,53019,NaN,1,1,3,11
2963,53021,NaN,30,19,120,272
2964,53023,NaN,1,1,2,2
2965,53025,NaN,31,32,139,253
2966,53027,NaN,31,24,55,111
2967,53029,NaN,62,76,133,210
2968,53031,NaN,27,27,41,60
2969,53033,NaN,2804,4310,10108,16837
2970,53035,NaN,156,185,374,1001
2971,53037,NaN,42,33,138,259
2972,53039,NaN,9,8,16,40
2973,53041,NaN,24,16,64,142
2974,53043,NaN,3,1,13,11
2975,53045,NaN,23,19,55,124
2976,53047,NaN,33,26,44,101
2977,53049,NaN,3,9,23,42
2978,53051,NaN,2,3,14,18
2979,53053,NaN,501,806,1403,2996
2980,53055,NaN,5,6,12,14
2981,53057,NaN,63,75,127,346
2982,53059,NaN,2,2,6,16
2983,53061,NaN,623,899,2438,3722
2984,53063,NaN,300,432,840,2115
2985,53065,NaN,13,11,45,65
2986,53067,NaN,171,240,570,993
2987,53069,NaN,0,0,4,5
2988,53071,NaN,50,47,118,302
2989,53073,NaN,209,263,628,795
2990,53075,NaN,10,11,30,54
2991,53077,NaN,52,35,150,680
2992,54001,NaN,2,3,6,8
2993,54003,NaN,35,52,59,135
2994,54005,NaN,3,6,14,21
2995,54007,NaN,2,2,8,12
2996,54009,NaN,4,2,21,18
2997,54011,NaN,36,38,45,84
2998,54013,NaN,4,3,5,7
2999,54015,NaN,1,1,3,6
3000,54017,NaN,2,2,7,6
3001,54019,NaN,7,10,16,48
3002,54021,NaN,2,2,7,9
3003,54023,NaN,4,3,9,14
3004,54025,NaN,11,9,19,43
3005,54027,NaN,12,13,13,22
3006,54029,NaN,7,7,16,29
3007,54031,NaN,2,3,9,13
3008,54033,NaN,19,15,42,67
3009,54035,NaN,6,5,13,20
3010,54037,NaN,19,26,39,53
3011,54039,NaN,35,28,86,175
3012,54041,NaN,5,3,10,18
3013,54043,NaN,6,8,9,25
3014,54045,NaN,8,9,14,34
3015,54047,NaN,5,4,7,18
3016,54049,NaN,25,17,32,58
3017,54051,NaN,8,3,24,26
3018,54053,NaN,7,4,14,30
3019,54055,NaN,32,29,47,73
3020,54057,NaN,12,12,16,27
3021,54059,NaN,5,6,23,22
3022,54061,NaN,43,39,69,121
3023,54063,NaN,2,4,10,16
3024,54065,NaN,7,9,17,17
3025,54067,NaN,5,3,11,25
3026,54069,NaN,13,11,23,48
3027,54071,NaN,7,6,11,19
3028,54073,NaN,1,2,3,8
3029,54075,NaN,3,2,5,6
3030,54077,NaN,19,19,15,39
3031,54079,NaN,26,38,40,88
3032,54081,NaN,26,16,49,81
3033,54083,NaN,10,11,18,41
3034,54085,NaN,7,8,6,13
3035,54087,NaN,8,8,12,7
3036,54089,NaN,1,1,11,12
3037,54091,NaN,5,6,8,9
3038,54093,NaN,4,3,8,17
3039,54095,NaN,1,1,4,5
3040,54097,NaN,4,3,9,15
3041,54099,NaN,7,6,16,33
3042,54101,NaN,1,4,21,5
3043,54103,NaN,6,6,10,12
3044,54105,NaN,5,3,11,11
3045,54107,NaN,21,15,43,68
3046,54109,NaN,9,10,11,22
3047,55001,NaN,8,8,17,20
3048,55003,NaN,7,4,14,17
3049,55005,NaN,21,31,38,63
3050,55007,NaN,18,18,26,39
3051,55009,NaN,170,192,334,607
3052,55011,NaN,12,15,30,29
3053,55013,NaN,9,7,16,19
3054,55015,NaN,27,32,57,63
3055,55017,NaN,40,41,63,77
3056,55019,NaN,7,9,23,28
3057,55021,NaN,50,68,93,160
3058,55023,NaN,6,7,11,15
3059,55025,NaN,855,1233,2056,2066
3060,55027,NaN,38,39,79,174
3061,55029,NaN,14,12,27,32
3062,55031,NaN,41,48,83,122
3063,55033,NaN,23,26,39,59
3064,55035,NaN,102,129,260,306
3065,55037,NaN,1,1,3,4
3066,55039,NaN,68,71,126,254
3067,55041,NaN,1,2,6,15
3068,55043,NaN,42,25,66,97
3069,55045,NaN,46,55,82,95
3070,55047,NaN,25,29,51,69
3071,55049,NaN,12,14,24,44
3072,55051,NaN,1,1,3,5
3073,55053,NaN,9,9,16,30
3074,55055,NaN,49,58,91,125
3075,55057,NaN,8,10,17,25
3076,55059,NaN,132,132,303,486
3077,55061,NaN,10,8,19,23
3078,55063,NaN,108,116,200,189
3079,55065,NaN,17,13,23,33
3080,55067,NaN,5,6,14,30
3081,55069,NaN,12,12,19,30
3082,55071,NaN,38,40,83,125
3083,55073,NaN,63,62,102,211
3084,55075,NaN,22,20,30,72
3085,55077,NaN,3,4,17,18
3086,55078,NaN,0,1,1,6
3087,55079,NaN,705,845,1808,3095
3088,55081,NaN,42,47,86,88
3089,55083,NaN,9,9,25,42
3090,55085,NaN,15,15,21,31
3091,55087,NaN,100,110,196,249
3092,55089,NaN,101,150,263,262
3093,55091,NaN,3,3,10,12
3094,55093,NaN,34,34,64,92
3095,55095,NaN,35,43,73,82
3096,55097,NaN,52,78,121,140
3097,55099,NaN,2,3,5,12
3098,55101,NaN,132,180,347,635
3099,55103,NaN,10,11,16,31
3100,55105,NaN,131,149,248,386
3101,55107,NaN,7,7,20,23
3102,55109,NaN,102,128,250,259
3103,55111,NaN,39,48,63,110
3104,55113,NaN,10,14,21,29
3105,55115,NaN,7,9,24,44
3106,55117,NaN,63,66,136,118
3107,55119,NaN,8,8,15,21
3108,55121,NaN,11,12,30,21
3109,55123,NaN,18,18,30,42
3110,55125,NaN,6,7,13,30
3111,55127,NaN,56,60,144,157
3112,55129,NaN,8,9,21,20
3113,55131,NaN,60,81,129,177
3114,55133,NaN,316,343,702,1108
3115,55135,NaN,12,12,35,52
3116,55137,NaN,9,10,23,39
3117,55139,NaN,152,214,325,284
3118,55141,NaN,50,40,98,116
3119,56001,NaN,4,6,28,47
3120,56003,NaN,1,2,7,11
3121,56005,NaN,4,4,29,47
3122,56007,NaN,2,3,15,18
3123,56009,NaN,1,1,6,14
3124,56011,NaN,1,0,3,5
3125,56013,NaN,9,11,28,47
3126,56015,NaN,1,3,9,12
3127,56017,NaN,1,0,2,3
3128,56019,NaN,1,0,5,6
3129,56021,NaN,13,19,43,109
3130,56023,NaN,1,2,9,16
3131,56025,NaN,10,17,65,81
3132,56027,NaN,0,0,1,4
3133,56029,NaN,4,5,17,31
3134,56031,NaN,2,2,7,10
3135,56033,NaN,5,6,24,30
3136,56035,NaN,1,0,7,13
3137,56037,NaN,5,6,33,41
3138,56039,NaN,13,8,21,35
3139,56041,NaN,2,4,31,29
3140,56043,NaN,1,1,4,6
3141,56045,NaN,1,1,7,5
